>CCGCVAGDGTAC	4-GTACHCTBGCGG	9.485995	-12.463374	0	T:3.0(20.00%),B:93.0(0.21%),P:1e-5
0.001	0.704	0.015	0.280
0.001	0.857	0.001	0.141
0.280	0.280	0.438	0.001
0.001	0.859	0.139	0.001
0.281	0.281	0.298	0.140
0.859	0.139	0.001	0.001
0.001	0.280	0.718	0.001
0.296	0.001	0.282	0.421
0.001	0.140	0.719	0.140
0.001	0.139	0.001	0.859
0.703	0.001	0.140	0.156
0.015	0.704	0.280	0.001
