>BCWGATTCAATCAAN	DUX(Homeobox)/C2C12-Dux-ChIP-Seq(GSE87279)/Homer	12.614405	-7.606625	0	T:1.0(4.35%),B:0.7(0.00%),P:1e-3
0.116	0.327	0.231	0.326
0.061	0.489	0.303	0.147
0.424	0.001	0.104	0.471
0.001	0.001	0.997	0.001
0.997	0.001	0.001	0.001
0.001	0.001	0.001	0.997
0.001	0.013	0.001	0.985
0.044	0.569	0.168	0.219
0.997	0.001	0.001	0.001
0.997	0.001	0.001	0.001
0.001	0.001	0.001	0.997
0.001	0.899	0.014	0.086
0.792	0.014	0.001	0.193
0.399	0.191	0.188	0.222
0.327	0.295	0.190	0.188
>NGCGTGGGCGGR	Egr2(Zf)/Thymocytes-Egr2-ChIP-Seq(GSE34254)/Homer	9.168701	-4.644990	0	T:5.0(21.74%),B:2714.3(5.87%),P:1e-2
0.216	0.231	0.231	0.322
0.114	0.182	0.678	0.026
0.158	0.552	0.035	0.255
0.001	0.001	0.997	0.001
0.001	0.001	0.137	0.861
0.055	0.001	0.943	0.001
0.001	0.001	0.997	0.001
0.001	0.001	0.997	0.001
0.159	0.587	0.001	0.253
0.032	0.001	0.953	0.014
0.092	0.066	0.513	0.329
0.248	0.192	0.357	0.204
>GATGASTCATCN	Jun-AP1(bZIP)/K562-cJun-ChIP-Seq(GSE31477)/Homer	8.486263	-4.005343	0	T:2.0(8.70%),B:418.5(0.90%),P:1e-1
0.244	0.149	0.396	0.211
0.473	0.218	0.268	0.041
0.001	0.001	0.001	0.997
0.001	0.001	0.991	0.007
0.997	0.001	0.001	0.001
0.051	0.462	0.440	0.047
0.021	0.001	0.001	0.977
0.024	0.974	0.001	0.001
0.997	0.001	0.001	0.001
0.050	0.258	0.227	0.465
0.210	0.394	0.153	0.243
0.241	0.319	0.211	0.229
>SRGTTTCAAA	CHR(?)/Hela-CellCycle-Expression/Homer	7.763324	-3.459665	0	T:2.0(8.70%),B:561.9(1.21%),P:1e-1
0.233	0.453	0.313	0.001
0.408	0.051	0.540	0.001
0.172	0.051	0.582	0.195
0.283	0.073	0.035	0.609
0.001	0.012	0.001	0.986
0.012	0.001	0.001	0.986
0.001	0.679	0.185	0.135
0.997	0.001	0.001	0.001
0.997	0.001	0.001	0.001
0.986	0.012	0.001	0.001
>NCYAATAAAA	Hoxd13(Homeobox)/ChickenMSG-Hoxd13.Flag-ChIP-Seq(GSE86088)/Homer	6.016047	-3.453166	0	T:3.0(13.04%),B:1407.3(3.04%),P:1e-1
0.263	0.225	0.277	0.235
0.069	0.708	0.216	0.007
0.001	0.509	0.001	0.489
0.480	0.323	0.001	0.196
0.820	0.001	0.139	0.040
0.001	0.001	0.001	0.997
0.709	0.001	0.140	0.150
0.997	0.001	0.001	0.001
0.997	0.001	0.001	0.001
0.720	0.096	0.062	0.122
>NDCTAATTAS	En1(Homeobox)/SUM149-EN1-ChIP-Seq(GSE120957)/Homer	5.054229	-3.449371	0	T:4.0(17.39%),B:2467.1(5.33%),P:1e-1
0.263	0.238	0.293	0.206
0.266	0.177	0.334	0.224
0.132	0.436	0.242	0.190
0.044	0.255	0.001	0.700
0.664	0.140	0.139	0.057
0.967	0.005	0.006	0.022
0.013	0.020	0.018	0.949
0.043	0.133	0.152	0.672
0.719	0.001	0.236	0.044
0.192	0.271	0.365	0.171
>NATGASTCABNN	Fosl2(bZIP)/3T3L1-Fosl2-ChIP-Seq(GSE56872)/Homer	7.029411	-3.386176	0	T:2.0(8.70%),B:584.3(1.26%),P:1e-1
0.276	0.202	0.315	0.207
0.430	0.200	0.274	0.096
0.054	0.023	0.033	0.890
0.029	0.062	0.775	0.134
0.788	0.037	0.038	0.137
0.092	0.402	0.437	0.069
0.073	0.075	0.073	0.779
0.136	0.738	0.093	0.033
0.884	0.031	0.029	0.056
0.088	0.265	0.270	0.377
0.235	0.317	0.171	0.277
0.240	0.313	0.247	0.201
>NTNATGCAAYMNNHTGMAAY	CEBP:CEBP(bZIP)/MEF-Chop-ChIP-Seq(GSE35681)/Homer	9.053532	-3.374502	0	T:1.0(4.35%),B:70.9(0.15%),P:1e-1
0.319	0.276	0.211	0.195
0.219	0.189	0.157	0.435
0.281	0.178	0.246	0.295
0.408	0.184	0.195	0.214
0.108	0.046	0.146	0.700
0.001	0.001	0.967	0.031
0.202	0.673	0.001	0.124
0.997	0.001	0.001	0.001
0.967	0.001	0.031	0.001
0.011	0.327	0.186	0.476
0.381	0.362	0.119	0.138
0.216	0.232	0.308	0.243
0.268	0.232	0.268	0.232
0.359	0.227	0.192	0.222
0.262	0.016	0.124	0.598
0.001	0.002	0.995	0.002
0.362	0.462	0.008	0.168
0.973	0.021	0.005	0.001
0.983	0.001	0.001	0.015
0.078	0.295	0.189	0.438
>GGVTCTCGCGAGAAC	ZBTB33(Zf)/GM12878-ZBTB33-ChIP-Seq(GSE32465)/Homer	7.648064	-3.139765	0	T:2.0(8.70%),B:670.0(1.45%),P:1e-1
0.129	0.168	0.604	0.099
0.218	0.149	0.564	0.069
0.347	0.267	0.218	0.168
0.030	0.069	0.040	0.861
0.089	0.880	0.030	0.001
0.010	0.099	0.050	0.841
0.001	0.997	0.001	0.001
0.001	0.001	0.978	0.020
0.010	0.979	0.001	0.010
0.001	0.001	0.997	0.001
0.862	0.059	0.069	0.010
0.001	0.049	0.871	0.079
0.910	0.001	0.079	0.010
0.406	0.188	0.208	0.198
0.089	0.545	0.188	0.178
>NWAACCACADNN	RUNX2(Runt)/PCa-RUNX2-ChIP-Seq(GSE33889)/Homer	7.672200	-3.123299	0	T:3.0(13.04%),B:1604.8(3.47%),P:1e-1
0.293	0.299	0.206	0.203
0.393	0.225	0.098	0.284
0.468	0.175	0.244	0.113
0.796	0.104	0.099	0.001
0.001	0.997	0.001	0.001
0.001	0.997	0.001	0.001
0.997	0.001	0.001	0.001
0.001	0.997	0.001	0.001
0.997	0.001	0.001	0.001
0.332	0.146	0.324	0.198
0.352	0.213	0.211	0.224
0.249	0.303	0.207	0.241
>MCTCCCMCRCAB	WT1(Zf)/Kidney-WT1-ChIP-Seq(GSE90016)/Homer	7.710930	-3.081275	0	T:7.0(30.43%),B:6925.8(14.97%),P:1e-1
0.397	0.450	0.042	0.111
0.033	0.930	0.001	0.036
0.025	0.013	0.049	0.913
0.001	0.997	0.001	0.001
0.001	0.997	0.001	0.001
0.001	0.929	0.001	0.069
0.554	0.438	0.007	0.001
0.005	0.979	0.001	0.015
0.451	0.008	0.391	0.151
0.001	0.802	0.132	0.065
0.489	0.218	0.077	0.216
0.108	0.276	0.290	0.325
>GGATGACTCATC	Fra2(bZIP)/Striatum-Fra2-ChIP-Seq(GSE43429)/Homer	6.384445	-2.980967	0	T:2.0(8.70%),B:731.8(1.58%),P:1e-1
0.227	0.135	0.402	0.236
0.209	0.152	0.466	0.172
0.580	0.163	0.240	0.017
0.002	0.002	0.002	0.994
0.001	0.002	0.983	0.014
0.992	0.002	0.002	0.004
0.051	0.609	0.293	0.047
0.006	0.002	0.002	0.990
0.026	0.971	0.002	0.001
0.992	0.002	0.003	0.003
0.029	0.204	0.201	0.566
0.183	0.455	0.149	0.213
>RGKGGGCGKGGC	KLF14(Zf)/HEK293-KLF14.GFP-ChIP-Seq(GSE58341)/Homer	6.330528	-2.931718	0	T:16.0(69.57%),B:23442.7(50.68%),P:1e-1
0.343	0.076	0.426	0.155
0.169	0.049	0.747	0.035
0.086	0.008	0.420	0.485
0.027	0.009	0.963	0.001
0.001	0.001	0.997	0.001
0.001	0.001	0.997	0.001
0.141	0.628	0.001	0.230
0.026	0.001	0.968	0.005
0.003	0.006	0.499	0.492
0.166	0.016	0.765	0.053
0.214	0.121	0.586	0.079
0.073	0.579	0.181	0.167
>NNATGASTCATH	Fra1(bZIP)/BT549-Fra1-ChIP-Seq(GSE46166)/Homer	7.011739	-2.879436	0	T:2.0(8.70%),B:774.4(1.67%),P:1e-1
0.227	0.228	0.279	0.266
0.285	0.199	0.287	0.229
0.461	0.212	0.256	0.070
0.017	0.005	0.016	0.962
0.015	0.009	0.745	0.231
0.949	0.010	0.001	0.040
0.097	0.363	0.411	0.130
0.028	0.013	0.026	0.933
0.189	0.789	0.009	0.013
0.963	0.012	0.001	0.024
0.074	0.253	0.198	0.475
0.244	0.347	0.172	0.237
>RATGASTCAT	JunB(bZIP)/DendriticCells-Junb-ChIP-Seq(GSE36099)/Homer	6.689312	-2.849987	0	T:2.0(8.70%),B:787.4(1.70%),P:1e-1
0.255	0.135	0.393	0.218
0.453	0.220	0.240	0.087
0.033	0.018	0.017	0.932
0.029	0.018	0.830	0.123
0.877	0.042	0.028	0.053
0.060	0.471	0.411	0.058
0.063	0.026	0.030	0.881
0.114	0.819	0.029	0.038
0.919	0.024	0.029	0.028
0.082	0.268	0.225	0.426
>NDATGASTCAYN	Fos(bZIP)/TSC-Fos-ChIP-Seq(GSE110950)/Homer	7.189545	-2.810105	0	T:2.0(8.70%),B:805.0(1.74%),P:1e-1
0.173	0.248	0.321	0.259
0.220	0.160	0.332	0.288
0.452	0.216	0.237	0.095
0.001	0.001	0.001	0.997
0.001	0.004	0.745	0.250
0.904	0.001	0.005	0.090
0.123	0.303	0.436	0.137
0.001	0.001	0.001	0.997
0.183	0.815	0.001	0.001
0.997	0.001	0.001	0.001
0.115	0.329	0.093	0.463
0.200	0.349	0.206	0.245
>DATGASTCAT	BATF(bZIP)/Th17-BATF-ChIP-Seq(GSE39756)/Homer	6.408060	-2.731211	0	T:2.0(8.70%),B:842.4(1.82%),P:1e-1
0.258	0.115	0.308	0.319
0.494	0.221	0.193	0.092
0.001	0.001	0.001	0.997
0.001	0.001	0.900	0.098
0.986	0.001	0.001	0.012
0.030	0.456	0.481	0.033
0.007	0.001	0.001	0.991
0.095	0.899	0.004	0.002
0.997	0.001	0.001	0.001
0.087	0.209	0.225	0.479
>DATGASTCATHN	Atf3(bZIP)/GBM-ATF3-ChIP-Seq(GSE33912)/Homer	5.979652	-2.615175	0	T:2.0(8.70%),B:900.9(1.95%),P:1e-1
0.305	0.134	0.316	0.245
0.486	0.214	0.275	0.025
0.001	0.001	0.001	0.997
0.001	0.001	0.946	0.052
0.997	0.001	0.001	0.001
0.047	0.454	0.452	0.048
0.001	0.001	0.001	0.997
0.052	0.946	0.001	0.001
0.997	0.001	0.001	0.001
0.025	0.278	0.213	0.484
0.243	0.327	0.131	0.300
0.256	0.266	0.231	0.247
>RGCCAATSRG	NFY(CCAAT)/Promoter/Homer	4.705513	-2.417525	0	T:4.0(17.39%),B:3468.0(7.50%),P:1e-1
0.474	0.049	0.467	0.010
0.228	0.049	0.669	0.054
0.001	0.997	0.001	0.001
0.001	0.997	0.001	0.001
0.997	0.001	0.001	0.001
0.997	0.001	0.001	0.001
0.001	0.001	0.001	0.997
0.081	0.493	0.399	0.027
0.460	0.041	0.498	0.001
0.107	0.179	0.695	0.019
>VTGACTCATC	AP-1(bZIP)/ThioMac-PU.1-ChIP-Seq(GSE21512)/Homer	6.049537	-2.377207	0	T:2.0(8.70%),B:1034.5(2.24%),P:1e-1
0.419	0.275	0.277	0.028
0.001	0.001	0.001	0.997
0.010	0.002	0.965	0.023
0.984	0.003	0.001	0.012
0.062	0.579	0.305	0.054
0.026	0.001	0.001	0.972
0.043	0.944	0.001	0.012
0.980	0.005	0.001	0.014
0.050	0.172	0.307	0.471
0.149	0.444	0.211	0.195
>RGKGGGCGGAGC	Sp5(Zf)/mES-Sp5.Flag-ChIP-Seq(GSE72989)/Homer	6.519753	-2.326046	0	T:11.0(47.83%),B:15192.3(32.85%),P:1e-1
0.413	0.088	0.264	0.235
0.110	0.106	0.774	0.010
0.114	0.001	0.401	0.485
0.134	0.001	0.864	0.001
0.001	0.001	0.997	0.001
0.003	0.001	0.995	0.001
0.058	0.802	0.001	0.139
0.001	0.003	0.995	0.001
0.001	0.001	0.914	0.084
0.665	0.004	0.315	0.016
0.066	0.049	0.881	0.004
0.127	0.702	0.006	0.165
>ACVAGGAAGT	ELF5(ETS)/T47D-ELF5-ChIP-Seq(GSE30407)/Homer	6.854302	-2.316603	0	T:3.0(13.04%),B:2248.4(4.86%),P:1e-1
0.891	0.009	0.005	0.095
0.125	0.478	0.139	0.258
0.270	0.345	0.376	0.008
0.611	0.333	0.048	0.008
0.006	0.021	0.967	0.006
0.025	0.012	0.952	0.011
0.974	0.010	0.005	0.011
0.982	0.007	0.010	0.001
0.082	0.025	0.889	0.004
0.003	0.089	0.028	0.880
>CYHATAAAAN	Hoxa13(Homeobox)/ChickenMSG-Hoxa13.Flag-ChIP-Seq(GSE86088)/Homer	5.796160	-2.106510	0	T:3.0(13.04%),B:2468.3(5.34%),P:1e0
0.084	0.541	0.300	0.075
0.087	0.466	0.008	0.440
0.334	0.368	0.002	0.296
0.626	0.002	0.280	0.092
0.016	0.015	0.005	0.964
0.608	0.016	0.263	0.113
0.972	0.001	0.002	0.025
0.986	0.007	0.005	0.002
0.554	0.139	0.142	0.165
0.253	0.287	0.185	0.275
>AVCAGGAAGT	EHF(ETS)/LoVo-EHF-ChIP-Seq(GSE49402)/Homer	7.212794	-2.053755	0	T:4.0(17.39%),B:3953.2(8.55%),P:1e0
0.627	0.005	0.123	0.245
0.226	0.372	0.241	0.161
0.258	0.474	0.267	0.001
0.625	0.356	0.018	0.001
0.001	0.001	0.997	0.001
0.004	0.001	0.994	0.001
0.997	0.001	0.001	0.001
0.997	0.001	0.001	0.001
0.288	0.028	0.683	0.001
0.132	0.185	0.066	0.617
>TGGGGAAGGGCM	ZNF467(Zf)/HEK293-ZNF467.GFP-ChIP-Seq(GSE58341)/Homer	7.761785	-1.976602	0	T:7.0(30.43%),B:8920.6(19.29%),P:1e0
0.158	0.250	0.080	0.512
0.178	0.012	0.780	0.030
0.131	0.002	0.854	0.013
0.015	0.002	0.978	0.005
0.020	0.032	0.894	0.054
0.646	0.010	0.337	0.007
0.550	0.002	0.376	0.072
0.004	0.001	0.992	0.003
0.200	0.008	0.770	0.022
0.292	0.051	0.564	0.093
0.187	0.628	0.044	0.141
0.355	0.302	0.150	0.193
>RCCATMTGTT	Olig2(bHLH)/Neuron-Olig2-ChIP-Seq(GSE30882)/Homer	6.053393	-1.767605	0	T:4.0(17.39%),B:4408.7(9.53%),P:1e0
0.371	0.097	0.325	0.206
0.179	0.644	0.159	0.018
0.215	0.782	0.002	0.001
0.754	0.001	0.094	0.151
0.001	0.007	0.362	0.630
0.389	0.513	0.050	0.048
0.009	0.018	0.014	0.959
0.023	0.001	0.975	0.001
0.022	0.185	0.283	0.510
0.132	0.291	0.086	0.490
>TGCGTGGGYG	Egr1(Zf)/K562-Egr1-ChIP-Seq(GSE32465)/Homer	7.353296	-1.754309	0	T:7.0(30.43%),B:9444.5(20.42%),P:1e0
0.128	0.072	0.142	0.658
0.078	0.036	0.882	0.004
0.154	0.523	0.023	0.300
0.001	0.001	0.997	0.001
0.001	0.001	0.282	0.716
0.027	0.001	0.971	0.001
0.001	0.002	0.973	0.024
0.001	0.001	0.997	0.001
0.153	0.415	0.010	0.422
0.034	0.002	0.940	0.024
>HDGYAATGAAAN	Hoxd12(Homeobox)/ChickenMSG-Hoxd12.Flag-ChIP-Seq(GSE86088)/Homer	6.235574	-1.751176	0	T:2.0(8.70%),B:1518.8(3.28%),P:1e0
0.367	0.263	0.149	0.221
0.389	0.077	0.271	0.263
0.186	0.143	0.670	0.001
0.022	0.516	0.001	0.461
0.702	0.161	0.105	0.032
0.584	0.288	0.127	0.001
0.001	0.001	0.001	0.997
0.289	0.191	0.462	0.057
0.924	0.001	0.001	0.074
0.997	0.001	0.001	0.001
0.623	0.082	0.110	0.185
0.291	0.233	0.188	0.288
>GCTGTGGTTW	RUNX-AML(Runt)/CD4+-PolII-ChIP-Seq(Barski_et_al.)/Homer	7.385715	-1.731827	0	T:2.0(8.70%),B:1537.5(3.32%),P:1e0
0.070	0.223	0.453	0.255
0.117	0.600	0.048	0.235
0.002	0.006	0.001	0.991
0.001	0.001	0.997	0.001
0.004	0.009	0.025	0.962
0.002	0.001	0.994	0.003
0.001	0.019	0.948	0.032
0.001	0.008	0.045	0.946
0.034	0.161	0.140	0.665
0.410	0.057	0.100	0.433
>BSTTCTRGAABVTTCYAGAA	HRE(HSF)/HepG2-HSF1-ChIP-Seq(GSE31477)/Homer	8.440248	-1.727156	0	T:1.0(4.35%),B:392.1(0.85%),P:1e0
0.156	0.338	0.294	0.212
0.200	0.355	0.281	0.164
0.096	0.242	0.229	0.433
0.089	0.199	0.176	0.536
0.138	0.691	0.127	0.044
0.107	0.274	0.099	0.520
0.474	0.015	0.510	0.001
0.004	0.014	0.981	0.001
0.880	0.085	0.013	0.022
0.891	0.012	0.081	0.016
0.138	0.284	0.342	0.236
0.212	0.346	0.305	0.137
0.018	0.110	0.005	0.867
0.019	0.014	0.067	0.900
0.001	0.993	0.001	0.005
0.005	0.486	0.020	0.489
0.515	0.108	0.281	0.096
0.042	0.136	0.690	0.132
0.550	0.175	0.170	0.105
0.416	0.243	0.240	0.101
>GTCACGTGGT	Usf2(bHLH)/C2C12-Usf2-ChIP-Seq(GSE36030)/Homer	7.542554	-1.701890	0	T:2.0(8.70%),B:1567.0(3.39%),P:1e0
0.391	0.041	0.544	0.024
0.116	0.137	0.147	0.600
0.001	0.997	0.001	0.001
0.858	0.059	0.082	0.001
0.001	0.776	0.071	0.152
0.300	0.021	0.678	0.001
0.136	0.017	0.001	0.846
0.028	0.001	0.970	0.001
0.225	0.162	0.400	0.212
0.129	0.258	0.193	0.420
>NGCTAATTAG	LHX9(Homeobox)/Hct116-LHX9.V5-ChIP-Seq(GSE116822)/Homer	5.210218	-1.648870	0	T:2.0(8.70%),B:1622.7(3.51%),P:1e0
0.218	0.306	0.243	0.233
0.200	0.206	0.405	0.189
0.089	0.584	0.112	0.215
0.025	0.140	0.005	0.830
0.788	0.151	0.036	0.025
0.949	0.011	0.027	0.013
0.012	0.030	0.010	0.948
0.029	0.034	0.172	0.765
0.835	0.006	0.128	0.031
0.209	0.112	0.589	0.090
>VGCCATAAAA	Hoxd11(Homeobox)/ChickenMSG-Hoxd11.Flag-ChIP-Seq(GSE86088)/Homer	5.528477	-1.631036	0	T:3.0(13.04%),B:3087.0(6.67%),P:1e0
0.247	0.212	0.354	0.187
0.114	0.323	0.517	0.046
0.056	0.549	0.024	0.371
0.269	0.523	0.015	0.193
0.572	0.117	0.263	0.048
0.049	0.006	0.017	0.928
0.549	0.067	0.217	0.167
0.953	0.001	0.004	0.042
0.919	0.026	0.006	0.049
0.537	0.089	0.172	0.202
>ACAGGAAGTG	ETS1(ETS)/Jurkat-ETS1-ChIP-Seq(GSE17954)/Homer	6.525370	-1.630069	0	T:4.0(17.39%),B:4656.8(10.07%),P:1e0
0.539	0.088	0.332	0.041
0.093	0.722	0.181	0.004
0.719	0.272	0.008	0.001
0.001	0.001	0.997	0.001
0.001	0.001	0.997	0.001
0.997	0.001	0.001	0.001
0.869	0.001	0.001	0.129
0.116	0.001	0.882	0.001
0.024	0.137	0.001	0.838
0.112	0.128	0.654	0.106
>NYTTCCWGGAAR	STAT4(Stat)/CD4-Stat4-ChIP-Seq(GSE22104)/Homer	5.220249	-1.619078	0	T:2.0(8.70%),B:1655.0(3.58%),P:1e0
0.277	0.235	0.317	0.171
0.038	0.379	0.092	0.491
0.001	0.001	0.001	0.997
0.001	0.001	0.048	0.950
0.074	0.920	0.001	0.005
0.022	0.791	0.001	0.186
0.359	0.137	0.148	0.356
0.187	0.001	0.794	0.018
0.004	0.001	0.918	0.077
0.961	0.037	0.001	0.001
0.997	0.001	0.001	0.001
0.477	0.102	0.396	0.025
>WAVTCACCMTAASYDAAAAG	PSE(SNAPc)/K562-mStart-Seq/Homer	7.054905	-1.612601	0	T:1.0(4.35%),B:445.9(0.96%),P:1e0
0.346	0.154	0.192	0.308
0.589	0.090	0.179	0.142
0.269	0.296	0.320	0.115
0.090	0.282	0.089	0.539
0.168	0.513	0.077	0.242
0.769	0.026	0.204	0.001
0.102	0.782	0.001	0.115
0.064	0.859	0.001	0.076
0.474	0.449	0.051	0.026
0.038	0.218	0.026	0.718
0.562	0.142	0.167	0.129
0.769	0.039	0.077	0.115
0.051	0.321	0.410	0.218
0.026	0.448	0.102	0.424
0.320	0.115	0.219	0.346
0.500	0.026	0.142	0.333
0.655	0.102	0.102	0.141
0.693	0.216	0.026	0.065
0.448	0.128	0.129	0.295
0.309	0.038	0.589	0.064
>SMCAGTCWGAKGGAGGAGGC	ZSCAN22(Zf)/HEK293-ZSCAN22.GFP-ChIP-Seq(GSE58341)/Homer	10.156824	-1.612601	0	T:1.0(4.35%),B:445.1(0.96%),P:1e0
0.092	0.351	0.370	0.187
0.302	0.419	0.143	0.135
0.183	0.395	0.219	0.204
0.574	0.032	0.215	0.179
0.167	0.032	0.785	0.016
0.175	0.211	0.080	0.534
0.016	0.908	0.028	0.048
0.418	0.036	0.040	0.506
0.063	0.004	0.932	0.001
0.979	0.008	0.012	0.001
0.072	0.016	0.494	0.419
0.066	0.001	0.932	0.001
0.036	0.004	0.956	0.004
0.561	0.108	0.148	0.183
0.182	0.001	0.816	0.001
0.003	0.001	0.995	0.001
0.908	0.024	0.036	0.032
0.028	0.001	0.967	0.004
0.119	0.012	0.853	0.016
0.103	0.662	0.120	0.115
>ANCAGGAAGT	ELF3(ETS)/PDAC-ELF3-ChIP-Seq(GSE64557)/Homer	7.586080	-1.606278	0	T:2.0(8.70%),B:1668.8(3.61%),P:1e0
0.777	0.014	0.038	0.171
0.246	0.324	0.242	0.188
0.266	0.451	0.280	0.003
0.899	0.083	0.016	0.002
0.001	0.001	0.997	0.001
0.001	0.001	0.997	0.001
0.997	0.001	0.001	0.001
0.992	0.001	0.001	0.006
0.199	0.027	0.773	0.001
0.051	0.126	0.031	0.792
>NATTTCCNGGAAAT	STAT1(Stat)/HelaS3-STAT1-ChIP-Seq(GSE12782)/Homer	7.984291	-1.582910	0	T:1.0(4.35%),B:460.1(0.99%),P:1e0
0.178	0.319	0.294	0.209
0.411	0.163	0.228	0.198
0.154	0.226	0.108	0.512
0.001	0.001	0.001	0.997
0.001	0.001	0.001	0.997
0.139	0.842	0.001	0.018
0.012	0.714	0.001	0.273
0.310	0.186	0.190	0.315
0.267	0.001	0.709	0.023
0.024	0.001	0.839	0.136
0.997	0.001	0.001	0.001
0.997	0.001	0.001	0.001
0.508	0.108	0.232	0.152
0.191	0.222	0.173	0.413
>GTGGGCCCCA	ZNF692(Zf)/HEK293-ZNF692.GFP-ChIP-Seq(GSE58341)/Homer	8.189201	-1.582875	0	T:2.0(8.70%),B:1694.2(3.66%),P:1e0
0.029	0.036	0.934	0.001
0.009	0.035	0.001	0.955
0.001	0.001	0.997	0.001
0.001	0.001	0.997	0.001
0.029	0.001	0.969	0.001
0.057	0.634	0.226	0.083
0.001	0.997	0.001	0.001
0.001	0.997	0.001	0.001
0.001	0.989	0.001	0.009
0.810	0.031	0.110	0.049
>SAAACCACAG	RUNX(Runt)/HPC7-Runx1-ChIP-Seq(GSE22178)/Homer	6.625870	-1.564312	0	T:2.0(8.70%),B:1715.8(3.71%),P:1e0
0.164	0.382	0.293	0.161
0.518	0.115	0.001	0.366
0.747	0.020	0.232	0.001
0.972	0.001	0.026	0.001
0.001	0.997	0.001	0.001
0.001	0.997	0.001	0.001
0.881	0.001	0.117	0.001
0.001	0.997	0.001	0.001
0.997	0.001	0.001	0.001
0.312	0.066	0.497	0.125
>CCCCTCCCCCAC	Zfp281(Zf)/ES-Zfp281-ChIP-Seq(GSE81042)/Homer	9.774083	-1.534069	0	T:3.0(13.04%),B:3240.4(7.01%),P:1e0
0.009	0.976	0.010	0.005
0.014	0.974	0.001	0.011
0.001	0.997	0.001	0.001
0.098	0.867	0.001	0.034
0.122	0.001	0.024	0.853
0.001	0.997	0.001	0.001
0.001	0.997	0.001	0.001
0.001	0.990	0.001	0.008
0.001	0.997	0.001	0.001
0.001	0.997	0.001	0.001
0.867	0.024	0.049	0.060
0.071	0.795	0.045	0.089
>GGCVGTTR	MYB(HTH)/ERMYB-Myb-ChIPSeq(GSE22095)/Homer	2.200585	-1.520990	0	T:5.0(21.74%),B:6549.9(14.16%),P:1e0
0.105	0.001	0.843	0.051
0.170	0.001	0.663	0.166
0.001	0.997	0.001	0.001
0.323	0.320	0.355	0.001
0.001	0.001	0.997	0.001
0.001	0.001	0.001	0.997
0.001	0.001	0.001	0.997
0.532	0.001	0.466	0.001
>NYYTGTTTACHN	FOXP1(Forkhead)/H9-FOXP1-ChIP-Seq(GSE31006)/Homer	7.727176	-1.506972	0	T:1.0(4.35%),B:501.3(1.08%),P:1e0
0.226	0.242	0.226	0.306
0.164	0.337	0.180	0.320
0.046	0.385	0.230	0.339
0.001	0.001	0.001	0.997
0.022	0.001	0.976	0.001
0.001	0.001	0.001	0.997
0.001	0.001	0.001	0.997
0.001	0.001	0.001	0.997
0.997	0.001	0.001	0.001
0.001	0.873	0.002	0.124
0.282	0.312	0.099	0.308
0.313	0.197	0.224	0.266
>KCACGTGMCN	bHLHE41(bHLH)/proB-Bhlhe41-ChIP-Seq(GSE93764)/Homer	5.318376	-1.501880	0	T:6.0(26.09%),B:8333.8(18.02%),P:1e0
0.101	0.028	0.460	0.411
0.054	0.901	0.029	0.016
0.859	0.037	0.047	0.057
0.014	0.922	0.027	0.037
0.025	0.025	0.938	0.012
0.076	0.050	0.042	0.832
0.010	0.028	0.893	0.069
0.430	0.403	0.048	0.119
0.109	0.527	0.201	0.163
0.186	0.313	0.212	0.289
>CYRCATTCCA	TEAD1(TEAD)/HepG2-TEAD1-ChIP-Seq(Encode)/Homer	4.442360	-1.488023	0	T:2.0(8.70%),B:1805.2(3.90%),P:1e0
0.227	0.440	0.176	0.157
0.021	0.439	0.103	0.436
0.520	0.001	0.478	0.001
0.087	0.892	0.020	0.001
0.997	0.001	0.001	0.001
0.001	0.001	0.001	0.997
0.001	0.001	0.001	0.997
0.001	0.997	0.001	0.001
0.001	0.997	0.001	0.001
0.600	0.001	0.032	0.367
>GGYAATGAAA	Hoxa10(Homeobox)/ChickenMSG-Hoxa10.Flag-ChIP-Seq(GSE86088)/Homer	7.086612	-1.462351	0	T:1.0(4.35%),B:527.9(1.14%),P:1e0
0.302	0.062	0.478	0.157
0.103	0.164	0.670	0.063
0.072	0.402	0.001	0.525
0.686	0.178	0.072	0.064
0.761	0.136	0.098	0.005
0.032	0.005	0.016	0.947
0.073	0.108	0.795	0.024
0.784	0.045	0.095	0.076
0.868	0.039	0.061	0.032
0.563	0.105	0.172	0.160
>TACGTGCV	HIF-1a(bHLH)/MCF7-HIF1a-ChIP-Seq(GSE28352)/Homer	7.055265	-1.423569	0	T:2.0(8.70%),B:1886.5(4.08%),P:1e0
0.028	0.149	0.273	0.550
0.868	0.001	0.130	0.001
0.005	0.959	0.001	0.035
0.004	0.015	0.970	0.011
0.002	0.053	0.001	0.944
0.131	0.056	0.789	0.024
0.328	0.650	0.002	0.020
0.223	0.345	0.269	0.163
>SVYTTCCNGGAARB	Stat3+il21(Stat)/CD4-Stat3-ChIP-Seq(GSE19198)/Homer	6.747055	-1.410513	0	T:2.0(8.70%),B:1903.5(4.12%),P:1e0
0.161	0.362	0.306	0.170
0.322	0.220	0.293	0.165
0.061	0.421	0.169	0.349
0.001	0.022	0.001	0.976
0.001	0.001	0.159	0.839
0.162	0.805	0.012	0.021
0.001	0.809	0.001	0.189
0.298	0.210	0.205	0.287
0.207	0.001	0.791	0.001
0.020	0.004	0.821	0.155
0.842	0.156	0.001	0.001
0.976	0.001	0.018	0.005
0.331	0.178	0.424	0.066
0.163	0.320	0.215	0.302
>SAGATAAGRV	Gata1(Zf)/K562-GATA1-ChIP-Seq(GSE18829)/Homer	6.402981	-1.389209	0	T:1.0(4.35%),B:573.2(1.24%),P:1e0
0.109	0.469	0.365	0.057
0.700	0.024	0.001	0.275
0.001	0.001	0.997	0.001
0.997	0.001	0.001	0.001
0.001	0.001	0.001	0.997
0.997	0.001	0.001	0.001
0.997	0.001	0.001	0.001
0.023	0.145	0.831	0.001
0.311	0.237	0.434	0.018
0.309	0.275	0.292	0.124
>GARTGGTCATCGCCC	ZNF669(Zf)/HEK293-ZNF669.GFP-ChIP-Seq(GSE58341)/Homer	8.241079	-1.380165	0	T:1.0(4.35%),B:580.0(1.25%),P:1e0
0.244	0.245	0.463	0.049
0.853	0.049	0.049	0.049
0.293	0.171	0.414	0.122
0.097	0.220	0.073	0.610
0.122	0.024	0.805	0.049
0.024	0.024	0.879	0.073
0.049	0.024	0.073	0.854
0.024	0.951	0.024	0.001
0.587	0.072	0.340	0.001
0.001	0.024	0.097	0.878
0.024	0.974	0.001	0.001
0.366	0.024	0.586	0.024
0.025	0.683	0.097	0.195
0.001	0.951	0.024	0.024
0.072	0.854	0.001	0.073
>GTCACGTGACYV	TFE3(bHLH)/MEF-TFE3-ChIP-Seq(GSE75757)/Homer	8.322675	-1.362394	0	T:1.0(4.35%),B:591.5(1.28%),P:1e0
0.361	0.055	0.571	0.013
0.020	0.080	0.024	0.876
0.001	0.984	0.011	0.004
0.964	0.011	0.012	0.013
0.004	0.851	0.010	0.135
0.169	0.010	0.814	0.007
0.010	0.010	0.011	0.969
0.004	0.015	0.976	0.005
0.889	0.038	0.055	0.018
0.017	0.581	0.064	0.338
0.197	0.353	0.118	0.332
0.285	0.341	0.206	0.168
>MACAGGAAGT	Ets1-distal(ETS)/CD4+-PolII-ChIP-Seq(Barski_et_al.)/Homer	8.637957	-1.326672	0	T:1.0(4.35%),B:616.4(1.33%),P:1e0
0.453	0.329	0.213	0.005
0.864	0.001	0.079	0.056
0.001	0.859	0.093	0.047
0.967	0.031	0.001	0.001
0.001	0.001	0.997	0.001
0.001	0.001	0.997	0.001
0.976	0.001	0.001	0.022
0.821	0.001	0.001	0.177
0.262	0.001	0.736	0.001
0.002	0.254	0.030	0.714
>BBCTTATCTS	Gata2(Zf)/K562-GATA2-ChIP-Seq(GSE18829)/Homer	6.674828	-1.323886	0	T:1.0(4.35%),B:618.8(1.34%),P:1e0
0.152	0.286	0.226	0.336
0.021	0.386	0.244	0.350
0.001	0.775	0.172	0.052
0.001	0.004	0.001	0.994
0.001	0.001	0.001	0.997
0.997	0.001	0.001	0.001
0.001	0.001	0.001	0.997
0.001	0.997	0.001	0.001
0.266	0.001	0.028	0.705
0.067	0.380	0.379	0.175
>CGGTTGCCATGGCAAC	RFX(HTH)/K562-RFX3-ChIP-Seq(SRA012198)/Homer	8.570807	-1.299279	0	T:1.0(4.35%),B:636.1(1.38%),P:1e0
0.090	0.564	0.152	0.194
0.133	0.217	0.437	0.213
0.034	0.004	0.951	0.011
0.012	0.035	0.028	0.925
0.052	0.172	0.018	0.758
0.123	0.062	0.693	0.122
0.003	0.905	0.005	0.087
0.001	0.874	0.002	0.123
0.790	0.076	0.050	0.084
0.084	0.050	0.085	0.781
0.107	0.002	0.890	0.001
0.089	0.005	0.902	0.004
0.119	0.693	0.061	0.127
0.738	0.018	0.190	0.054
0.916	0.025	0.044	0.015
0.011	0.940	0.006	0.043
>GTTGCCATGGCAACM	Rfx2(HTH)/LoVo-RFX2-ChIP-Seq(GSE49402)/Homer	8.147021	-1.292587	0	T:1.0(4.35%),B:641.3(1.39%),P:1e0
0.049	0.003	0.942	0.006
0.005	0.041	0.019	0.935
0.037	0.202	0.011	0.750
0.125	0.062	0.654	0.159
0.001	0.916	0.004	0.079
0.001	0.884	0.001	0.114
0.810	0.075	0.052	0.063
0.066	0.055	0.071	0.808
0.119	0.001	0.879	0.001
0.083	0.003	0.912	0.002
0.156	0.649	0.063	0.132
0.743	0.010	0.204	0.043
0.933	0.021	0.041	0.005
0.005	0.943	0.004	0.048
0.254	0.387	0.234	0.125
>KCACGTGMCN	bHLHE40(bHLH)/HepG2-BHLHE40-ChIP-Seq(GSE31477)/Homer	7.068826	-1.282730	0	T:2.0(8.70%),B:2081.7(4.50%),P:1e0
0.144	0.077	0.458	0.321
0.028	0.970	0.001	0.001
0.997	0.001	0.001	0.001
0.001	0.933	0.001	0.065
0.040	0.001	0.958	0.001
0.001	0.001	0.001	0.997
0.001	0.001	0.997	0.001
0.379	0.430	0.069	0.121
0.193	0.381	0.203	0.223
0.201	0.288	0.221	0.290
>TRCATTCCAG	TEAD3(TEA)/HepG2-TEAD3-ChIP-Seq(Encode)/Homer	5.856981	-1.278688	0	T:2.0(8.70%),B:2087.5(4.51%),P:1e0
0.152	0.266	0.155	0.427
0.484	0.001	0.500	0.015
0.267	0.675	0.057	0.001
0.997	0.001	0.001	0.001
0.001	0.001	0.001	0.997
0.070	0.001	0.001	0.928
0.001	0.997	0.001	0.001
0.001	0.997	0.001	0.001
0.862	0.027	0.061	0.050
0.165	0.155	0.498	0.182
>YGGCCCCGCCCC	Sp2(Zf)/HEK293-Sp2.eGFP-ChIP-Seq(Encode)/Homer	5.662561	-1.266186	0	T:12.0(52.17%),B:20383.3(44.07%),P:1e0
0.160	0.403	0.162	0.274
0.255	0.030	0.504	0.211
0.158	0.001	0.772	0.069
0.063	0.548	0.083	0.306
0.032	0.816	0.001	0.151
0.088	0.905	0.001	0.006
0.001	0.985	0.001	0.013
0.187	0.001	0.778	0.034
0.001	0.997	0.001	0.001
0.001	0.997	0.001	0.001
0.001	0.851	0.001	0.147
0.232	0.598	0.001	0.169
>AGRGGTCA	COUP-TFII(NR)/Artia-Nr2f2-ChIP-Seq(GSE46497)/Homer	5.836879	-1.256452	0	T:5.0(21.74%),B:7224.9(15.62%),P:1e0
0.466	0.170	0.228	0.136
0.251	0.067	0.650	0.032
0.545	0.005	0.449	0.001
0.001	0.006	0.971	0.022
0.014	0.006	0.965	0.015
0.001	0.015	0.043	0.941
0.014	0.915	0.031	0.040
0.945	0.001	0.053	0.001
>WWTRTAAACAVG	FoxL2(Forkhead)/Ovary-FoxL2-ChIP-Seq(GSE60858)/Homer	6.232362	-1.253672	0	T:1.0(4.35%),B:671.1(1.45%),P:1e0
0.490	0.001	0.128	0.381
0.394	0.183	0.161	0.263
0.250	0.052	0.130	0.568
0.476	0.001	0.522	0.001
0.001	0.001	0.001	0.997
0.947	0.051	0.001	0.001
0.997	0.001	0.001	0.001
0.997	0.001	0.001	0.001
0.001	0.961	0.001	0.037
0.997	0.001	0.001	0.001
0.331	0.277	0.225	0.167
0.172	0.246	0.413	0.168
>AAACCACARM	RUNX1(Runt)/Jurkat-RUNX1-ChIP-Seq(GSE29180)/Homer	6.648627	-1.218674	0	T:2.0(8.70%),B:2179.5(4.71%),P:1e0
0.574	0.159	0.031	0.236
0.895	0.001	0.103	0.001
0.870	0.029	0.100	0.001
0.001	0.997	0.001	0.001
0.001	0.997	0.001	0.001
0.885	0.001	0.066	0.048
0.001	0.997	0.001	0.001
0.913	0.057	0.001	0.029
0.398	0.067	0.339	0.196
0.360	0.356	0.162	0.123
>AYAGTGCCMYCTRGTGGCCA	CTCF(Zf)/CD4+-CTCF-ChIP-Seq(Barski_et_al.)/Homer	8.704837	-1.211961	0	T:1.0(4.35%),B:705.1(1.52%),P:1e0
0.447	0.221	0.181	0.151
0.037	0.340	0.236	0.386
0.499	0.061	0.330	0.110
0.033	0.377	0.529	0.061
0.023	0.378	0.005	0.594
0.061	0.005	0.887	0.047
0.079	0.906	0.005	0.010
0.002	0.994	0.001	0.003
0.502	0.475	0.007	0.016
0.002	0.527	0.004	0.467
0.003	0.995	0.001	0.001
0.030	0.036	0.004	0.930
0.382	0.042	0.446	0.130
0.020	0.273	0.686	0.021
0.047	0.039	0.014	0.900
0.002	0.001	0.995	0.002
0.040	0.034	0.873	0.053
0.161	0.528	0.061	0.250
0.277	0.428	0.117	0.178
0.541	0.092	0.267	0.100
>ATTGCGCAAC	CEBP(bZIP)/ThioMac-CEBPb-ChIP-Seq(GSE21512)/Homer	6.128409	-1.180493	0	T:1.0(4.35%),B:732.9(1.58%),P:1e0
0.811	0.102	0.061	0.026
0.001	0.003	0.001	0.995
0.001	0.001	0.026	0.972
0.104	0.001	0.795	0.100
0.076	0.625	0.055	0.244
0.192	0.061	0.643	0.104
0.102	0.757	0.003	0.138
0.971	0.027	0.001	0.001
0.993	0.001	0.005	0.001
0.037	0.663	0.143	0.157
>ARAGGTCANWGAGTTCANNN	VDR(NR),DR3/GM10855-VDR+vitD-ChIP-Seq(GSE22484)/Homer	8.330473	-1.177081	0	T:1.0(4.35%),B:735.8(1.59%),P:1e0
0.387	0.169	0.225	0.219
0.387	0.097	0.446	0.070
0.612	0.001	0.385	0.002
0.064	0.001	0.919	0.016
0.019	0.002	0.743	0.236
0.010	0.046	0.149	0.795
0.012	0.798	0.122	0.068
0.935	0.013	0.022	0.030
0.219	0.286	0.263	0.231
0.282	0.184	0.155	0.379
0.209	0.081	0.680	0.030
0.591	0.001	0.407	0.001
0.001	0.001	0.994	0.004
0.001	0.001	0.361	0.637
0.088	0.071	0.186	0.655
0.023	0.783	0.036	0.158
0.762	0.070	0.080	0.088
0.222	0.209	0.234	0.335
0.288	0.183	0.300	0.230
0.243	0.189	0.316	0.252
>VDGGGYGGGGCY	KLF1(Zf)/HUDEP2-KLF1-CutnRun(GSE136251)/Homer	7.331683	-1.164891	0	T:8.0(34.78%),B:13064.8(28.25%),P:1e0
0.267	0.255	0.359	0.118
0.321	0.021	0.370	0.288
0.139	0.001	0.859	0.001
0.001	0.001	0.997	0.001
0.001	0.001	0.997	0.001
0.046	0.495	0.001	0.458
0.001	0.001	0.997	0.001
0.001	0.001	0.700	0.298
0.158	0.001	0.840	0.001
0.102	0.054	0.750	0.094
0.001	0.821	0.001	0.177
0.207	0.396	0.114	0.283
>GCCACRCCCACY	Klf9(Zf)/GBM-Klf9-ChIP-Seq(GSE62211)/Homer	7.935079	-1.152576	0	T:4.0(17.39%),B:5725.8(12.38%),P:1e0
0.120	0.024	0.833	0.023
0.112	0.819	0.043	0.026
0.005	0.990	0.001	0.004
0.794	0.191	0.012	0.003
0.005	0.990	0.002	0.003
0.428	0.001	0.528	0.043
0.002	0.996	0.001	0.001
0.001	0.995	0.003	0.001
0.001	0.982	0.001	0.016
0.701	0.261	0.001	0.037
0.009	0.906	0.020	0.065
0.127	0.362	0.047	0.465
>DGGGYGKGGC	KLF5(Zf)/LoVo-KLF5-ChIP-Seq(GSE49402)/Homer	6.670095	-1.143201	0	T:10.0(43.48%),B:16980.8(36.71%),P:1e0
0.364	0.055	0.224	0.357
0.116	0.001	0.882	0.001
0.001	0.001	0.997	0.001
0.001	0.001	0.997	0.001
0.081	0.428	0.001	0.490
0.015	0.001	0.972	0.012
0.046	0.023	0.405	0.526
0.055	0.001	0.922	0.022
0.062	0.060	0.694	0.184
0.077	0.756	0.019	0.148
>GCACGTACCC	HIF2a(bHLH)/785_O-HIF2a-ChIP-Seq(GSE34871)/Homer	6.742717	-1.140331	0	T:2.0(8.70%),B:2308.8(4.99%),P:1e0
0.081	0.054	0.523	0.342
0.001	0.997	0.001	0.001
0.988	0.001	0.010	0.001
0.011	0.983	0.005	0.001
0.001	0.003	0.995	0.001
0.013	0.034	0.003	0.950
0.600	0.236	0.017	0.147
0.042	0.440	0.258	0.260
0.194	0.403	0.221	0.182
0.217	0.425	0.098	0.259
>VACAGGAAAT	EWS:FLI1-fusion(ETS)/SK_N_MC-EWS:FLI1-ChIP-Seq(SRA014231)/Homer	4.875418	-1.130476	0	T:2.0(8.70%),B:2326.0(5.03%),P:1e0
0.356	0.230	0.227	0.187
0.638	0.001	0.201	0.160
0.001	0.997	0.001	0.001
0.802	0.196	0.001	0.001
0.001	0.001	0.997	0.001
0.001	0.001	0.997	0.001
0.997	0.001	0.001	0.001
0.997	0.001	0.001	0.001
0.644	0.001	0.354	0.001
0.001	0.309	0.001	0.689
>DGTAAACA	Foxo3(Forkhead)/U2OS-Foxo3-ChIP-Seq(E-MTAB-2701)/Homer	4.673037	-1.127821	0	T:1.0(4.35%),B:780.0(1.69%),P:1e0
0.278	0.134	0.240	0.349
0.048	0.001	0.950	0.001
0.001	0.001	0.001	0.997
0.993	0.005	0.001	0.001
0.997	0.001	0.001	0.001
0.997	0.001	0.001	0.001
0.001	0.997	0.001	0.001
0.997	0.001	0.001	0.001
>DRTGTTGCAA	CEBP:AP1(bZIP)/ThioMac-CEBPb-ChIP-Seq(GSE21512)/Homer	6.428620	-1.125711	0	T:1.0(4.35%),B:782.6(1.69%),P:1e0
0.290	0.093	0.336	0.281
0.464	0.160	0.356	0.020
0.016	0.001	0.006	0.977
0.045	0.001	0.921	0.033
0.378	0.003	0.001	0.618
0.081	0.049	0.117	0.753
0.004	0.001	0.994	0.001
0.063	0.867	0.001	0.069
0.997	0.001	0.001	0.001
0.987	0.009	0.001	0.003
>WWATRTAAACAN	Foxf1(Forkhead)/Lung-Foxf1-ChIP-Seq(GSE77951)/Homer	6.348618	-1.125711	0	T:1.0(4.35%),B:782.5(1.69%),P:1e0
0.286	0.197	0.137	0.379
0.295	0.171	0.138	0.396
0.466	0.139	0.238	0.157
0.142	0.144	0.198	0.516
0.552	0.001	0.446	0.001
0.001	0.001	0.001	0.997
0.997	0.001	0.001	0.001
0.997	0.001	0.001	0.001
0.997	0.001	0.001	0.001
0.001	0.938	0.001	0.060
0.984	0.014	0.001	0.001
0.327	0.236	0.208	0.229
>YCTTATCTBN	Gata6(Zf)/HUG1N-GATA6-ChIP-Seq(GSE51936)/Homer	6.287859	-1.114222	0	T:1.0(4.35%),B:794.0(1.72%),P:1e0
0.031	0.351	0.214	0.403
0.025	0.754	0.129	0.092
0.026	0.029	0.012	0.933
0.038	0.015	0.011	0.936
0.950	0.008	0.017	0.025
0.012	0.015	0.012	0.961
0.021	0.963	0.005	0.011
0.314	0.013	0.054	0.619
0.169	0.289	0.329	0.213
0.234	0.266	0.246	0.254
>NNYTAATTAR	Lhx1(Homeobox)/EmbryoCarcinoma-Lhx1-ChIP-Seq(GSE70957)/Homer	5.978179	-1.102923	0	T:1.0(4.35%),B:804.6(1.74%),P:1e0
0.304	0.202	0.236	0.258
0.250	0.229	0.267	0.254
0.001	0.408	0.212	0.379
0.090	0.193	0.001	0.716
0.779	0.121	0.099	0.001
0.997	0.001	0.001	0.001
0.001	0.001	0.010	0.988
0.001	0.079	0.155	0.765
0.769	0.001	0.171	0.059
0.346	0.207	0.377	0.070
>VVCCACGTGG	c-Myc(bHLH)/mES-cMyc-ChIP-Seq(GSE11431)/Homer	6.808840	-1.081093	0	T:2.0(8.70%),B:2413.8(5.22%),P:1e0
0.251	0.225	0.369	0.155
0.311	0.197	0.336	0.156
0.138	0.504	0.336	0.022
0.001	0.997	0.001	0.001
0.992	0.001	0.006	0.001
0.001	0.932	0.001	0.066
0.112	0.001	0.886	0.001
0.001	0.001	0.001	0.997
0.001	0.001	0.997	0.001
0.023	0.320	0.527	0.130
>ACTTCCKGKT	Elf4(ETS)/BMDM-Elf4-ChIP-Seq(GSE88699)/Homer	6.935291	-1.076168	0	T:3.0(13.04%),B:4148.1(8.97%),P:1e0
0.649	0.063	0.194	0.094
0.017	0.819	0.067	0.097
0.020	0.014	0.016	0.950
0.008	0.027	0.022	0.943
0.014	0.952	0.018	0.016
0.011	0.969	0.010	0.010
0.018	0.076	0.443	0.463
0.064	0.279	0.520	0.137
0.208	0.198	0.233	0.360
0.230	0.151	0.091	0.528
>GGGGCTYGKCTGGGA	Zfp809(Zf)/ES-Zfp809-ChIP-Seq(GSE70799)/Homer	9.012330	-1.062181	0	T:2.0(8.70%),B:2448.3(5.29%),P:1e0
0.196	0.123	0.521	0.160
0.168	0.100	0.464	0.268
0.112	0.030	0.570	0.288
0.045	0.161	0.778	0.016
0.001	0.997	0.001	0.001
0.203	0.084	0.032	0.681
0.001	0.393	0.154	0.451
0.067	0.001	0.923	0.009
0.042	0.191	0.367	0.400
0.019	0.784	0.055	0.142
0.127	0.209	0.003	0.661
0.001	0.001	0.997	0.001
0.001	0.001	0.997	0.001
0.001	0.001	0.997	0.001
0.707	0.089	0.167	0.037
>NNTGTGGATTSS	Foxh1(Forkhead)/hESC-FOXH1-ChIP-Seq(GSE29422)/Homer	7.151234	-1.049109	0	T:1.0(4.35%),B:859.3(1.86%),P:1e0
0.259	0.191	0.278	0.272
0.241	0.285	0.184	0.291
0.176	0.105	0.064	0.655
0.001	0.001	0.997	0.001
0.001	0.114	0.001	0.884
0.001	0.001	0.809	0.189
0.001	0.001	0.702	0.296
0.997	0.001	0.001	0.001
0.138	0.040	0.021	0.801
0.001	0.051	0.001	0.947
0.166	0.325	0.337	0.172
0.187	0.287	0.381	0.144
>TAATTAGN	Lhx2(Homeobox)/HFSC-Lhx2-ChIP-Seq(GSE48068)/Homer	6.108703	-1.048170	0	T:1.0(4.35%),B:860.0(1.86%),P:1e0
0.001	0.156	0.001	0.842
0.907	0.091	0.001	0.001
0.997	0.001	0.001	0.001
0.001	0.001	0.001	0.997
0.001	0.001	0.150	0.848
0.833	0.001	0.165	0.001
0.224	0.114	0.661	0.001
0.181	0.323	0.265	0.231
>ACAGGAAGTG	ERG(ETS)/VCaP-ERG-ChIP-Seq(GSE14097)/Homer	6.433411	-1.024503	0	T:4.0(17.39%),B:6088.7(13.16%),P:1e0
0.535	0.119	0.250	0.096
0.050	0.877	0.072	0.001
0.810	0.188	0.001	0.001
0.001	0.001	0.997	0.001
0.001	0.001	0.997	0.001
0.997	0.001	0.001	0.001
0.964	0.001	0.001	0.034
0.330	0.001	0.668	0.001
0.034	0.272	0.062	0.632
0.267	0.160	0.437	0.136
>SSGGTCACGTGA	E-box(bHLH)/Promoter/Homer	8.816220	-1.020599	0	T:1.0(4.35%),B:890.5(1.93%),P:1e0
0.050	0.498	0.381	0.070
0.104	0.417	0.369	0.110
0.070	0.234	0.602	0.094
0.073	0.122	0.795	0.010
0.008	0.127	0.030	0.835
0.001	0.997	0.001	0.001
0.989	0.004	0.002	0.005
0.002	0.931	0.003	0.064
0.105	0.022	0.872	0.001
0.002	0.002	0.001	0.995
0.001	0.001	0.997	0.001
0.726	0.047	0.223	0.004
>TTTTATGGCM	Hoxa11(Homeobox)/ChickenMSG-Hoxa11.Flag-ChIP-Seq(GSE86088)/Homer	5.401319	-1.009288	0	T:2.0(8.70%),B:2550.1(5.51%),P:1e0
0.153	0.142	0.169	0.536
0.070	0.015	0.069	0.846
0.112	0.029	0.001	0.858
0.185	0.169	0.066	0.580
0.919	0.040	0.006	0.035
0.052	0.242	0.065	0.641
0.250	0.009	0.451	0.289
0.307	0.050	0.561	0.082
0.079	0.523	0.256	0.142
0.245	0.389	0.168	0.197
>KGTTGCCATGGCAA	Rfx1(HTH)/NPC-H3K4me1-ChIP-Seq(GSE16256)/Homer	8.058432	-1.000226	0	T:1.0(4.35%),B:913.3(1.97%),P:1e0
0.139	0.180	0.397	0.284
0.023	0.004	0.972	0.001
0.005	0.085	0.022	0.888
0.048	0.191	0.025	0.736
0.107	0.075	0.670	0.148
0.001	0.930	0.006	0.063
0.001	0.893	0.001	0.105
0.827	0.070	0.031	0.072
0.081	0.036	0.080	0.803
0.093	0.001	0.905	0.001
0.066	0.007	0.925	0.002
0.163	0.599	0.095	0.143
0.672	0.025	0.257	0.046
0.844	0.047	0.098	0.011
>WAAGTAAACA	FOXA1(Forkhead)/LNCAP-FOXA1-ChIP-Seq(GSE27824)/Homer	6.337526	-0.997615	0	T:1.0(4.35%),B:916.6(1.98%),P:1e0
0.483	0.026	0.010	0.481
0.644	0.067	0.240	0.049
0.574	0.002	0.111	0.313
0.128	0.001	0.870	0.001
0.001	0.152	0.001	0.846
0.893	0.105	0.001	0.001
0.969	0.029	0.001	0.001
0.997	0.001	0.001	0.001
0.001	0.775	0.001	0.223
0.997	0.001	0.001	0.001
>CCWGGAATGY	TEAD2(TEA)/Py2T-Tead2-ChIP-Seq(GSE55709)/Homer	7.347983	-0.976266	0	T:1.0(4.35%),B:941.1(2.03%),P:1e0
0.061	0.485	0.296	0.158
0.046	0.804	0.036	0.114
0.471	0.006	0.036	0.487
0.025	0.001	0.973	0.001
0.001	0.001	0.997	0.001
0.914	0.017	0.001	0.068
0.997	0.001	0.001	0.001
0.001	0.005	0.001	0.993
0.001	0.027	0.787	0.185
0.001	0.443	0.001	0.555
>NBWGATAAGR	Gata4(Zf)/Heart-Gata4-ChIP-Seq(GSE35151)/Homer	6.515975	-0.953988	0	T:1.0(4.35%),B:968.8(2.09%),P:1e0
0.266	0.279	0.302	0.153
0.163	0.343	0.300	0.195
0.504	0.111	0.006	0.379
0.001	0.001	0.997	0.001
0.997	0.001	0.001	0.001
0.001	0.001	0.001	0.997
0.862	0.001	0.005	0.132
0.963	0.001	0.019	0.017
0.100	0.252	0.636	0.012
0.398	0.209	0.351	0.041
>SGTCACGTGR	USF1(bHLH)/GM12878-Usf1-ChIP-Seq(GSE32465)/Homer	6.629484	-0.943537	0	T:2.0(8.70%),B:2686.9(5.81%),P:1e0
0.169	0.281	0.417	0.133
0.229	0.156	0.582	0.033
0.037	0.312	0.141	0.510
0.001	0.996	0.002	0.001
0.997	0.001	0.001	0.001
0.001	0.946	0.001	0.052
0.063	0.005	0.931	0.001
0.001	0.001	0.002	0.996
0.001	0.001	0.997	0.001
0.447	0.144	0.347	0.062
>CCATTGTTNY	Sox6(HMG)/Myotubes-Sox6-ChIP-Seq(GSE32627)/Homer	6.331137	-0.927437	0	T:2.0(8.70%),B:2722.0(5.88%),P:1e0
0.074	0.489	0.235	0.202
0.240	0.448	0.120	0.191
0.533	0.017	0.155	0.295
0.003	0.014	0.013	0.970
0.026	0.019	0.013	0.942
0.018	0.068	0.909	0.005
0.006	0.024	0.011	0.959
0.107	0.228	0.180	0.484
0.199	0.305	0.241	0.254
0.135	0.317	0.190	0.358
>NRYTTCCGGH	Fli1(ETS)/CD8-FLI-ChIP-Seq(GSE20898)/Homer	5.897289	-0.904865	0	T:4.0(17.39%),B:6470.0(13.99%),P:1e0
0.186	0.329	0.237	0.249
0.395	0.129	0.326	0.150
0.073	0.421	0.134	0.372
0.246	0.029	0.095	0.630
0.070	0.009	0.078	0.843
0.030	0.880	0.001	0.089
0.001	0.941	0.030	0.028
0.063	0.095	0.565	0.277
0.101	0.258	0.460	0.181
0.220	0.295	0.131	0.355
>TTTTATKRGG	HOXB13(Homeobox)/ProstateTumor-HOXB13-ChIP-Seq(GSE56288)/Homer	4.269565	-0.886488	0	T:1.0(4.35%),B:1056.1(2.28%),P:1e0
0.126	0.036	0.095	0.743
0.001	0.001	0.001	0.997
0.001	0.001	0.001	0.997
0.001	0.001	0.001	0.997
0.997	0.001	0.001	0.001
0.001	0.105	0.001	0.893
0.199	0.001	0.391	0.409
0.445	0.001	0.553	0.001
0.001	0.065	0.933	0.001
0.084	0.146	0.488	0.283
>TGACANARRCCAGRC	Hand2(bHLH)/Mesoderm-Hand2-ChIP-Seq(GSE61475)/Homer	8.409588	-0.873562	0	T:1.0(4.35%),B:1074.6(2.32%),P:1e0
0.258	0.002	0.135	0.605
0.017	0.010	0.958	0.015
0.989	0.002	0.007	0.002
0.118	0.413	0.248	0.221
0.605	0.007	0.344	0.044
0.292	0.246	0.280	0.182
0.552	0.020	0.128	0.300
0.440	0.081	0.307	0.172
0.391	0.177	0.265	0.167
0.181	0.590	0.228	0.001
0.001	0.997	0.001	0.001
0.997	0.001	0.001	0.001
0.001	0.001	0.997	0.001
0.501	0.108	0.369	0.022
0.169	0.477	0.184	0.169
>CARRGKBCAAAGTYCA	HNF4a(NR),DR1/HepG2-HNF4a-ChIP-Seq(GSE25021)/Homer	7.857574	-0.872852	0	T:1.0(4.35%),B:1075.7(2.33%),P:1e0
0.241	0.406	0.165	0.188
0.471	0.170	0.148	0.211
0.372	0.139	0.393	0.097
0.518	0.009	0.376	0.097
0.113	0.016	0.800	0.071
0.193	0.074	0.375	0.358
0.138	0.318	0.212	0.332
0.018	0.937	0.003	0.042
0.982	0.012	0.004	0.002
0.787	0.019	0.187	0.007
0.875	0.001	0.118	0.006
0.009	0.009	0.962	0.020
0.061	0.021	0.273	0.645
0.057	0.466	0.123	0.354
0.032	0.916	0.002	0.050
0.805	0.066	0.018	0.111
>NVWTGTTTAC	FOXK1(Forkhead)/HEK293-FOXK1-ChIP-Seq(GSE51673)/Homer	6.337052	-0.860911	0	T:1.0(4.35%),B:1092.2(2.36%),P:1e0
0.182	0.295	0.206	0.318
0.234	0.349	0.224	0.193
0.270	0.187	0.193	0.350
0.078	0.012	0.055	0.855
0.142	0.028	0.779	0.051
0.032	0.043	0.063	0.862
0.046	0.008	0.056	0.890
0.024	0.003	0.173	0.800
0.773	0.084	0.051	0.092
0.025	0.611	0.025	0.339
>GRTGMTRGAGCC	ZNF415(Zf)/HEK293-ZNF415.GFP-ChIP-Seq(GSE58341)/Homer	6.944896	-0.855268	0	T:2.0(8.70%),B:2887.3(6.24%),P:1e0
0.002	0.195	0.705	0.098
0.457	0.097	0.445	0.001
0.148	0.150	0.048	0.654
0.001	0.245	0.656	0.098
0.407	0.542	0.050	0.001
0.001	0.001	0.001	0.997
0.392	0.001	0.509	0.098
0.001	0.001	0.997	0.001
0.997	0.001	0.001	0.001
0.001	0.001	0.997	0.001
0.001	0.997	0.001	0.001
0.307	0.494	0.051	0.147
>GGGRAARRGRMCAGMTG	RBPJ:Ebox(?,bHLH)/Panc1-Rbpj1-ChIP-Seq(GSE47459)/Homer	8.852788	-0.851940	0	T:1.0(4.35%),B:1105.4(2.39%),P:1e0
0.092	0.005	0.567	0.336
0.001	0.002	0.934	0.063
0.125	0.001	0.839	0.035
0.551	0.031	0.409	0.009
0.900	0.019	0.080	0.001
0.596	0.137	0.203	0.064
0.378	0.210	0.326	0.085
0.345	0.184	0.355	0.116
0.248	0.170	0.414	0.168
0.272	0.232	0.404	0.092
0.303	0.442	0.253	0.002
0.075	0.922	0.002	0.001
0.926	0.001	0.001	0.072
0.019	0.085	0.624	0.272
0.423	0.420	0.156	0.001
0.165	0.001	0.021	0.813
0.001	0.019	0.926	0.054
>TRAGGTCA	THRb(NR)/Liver-NR1A2-ChIP-Seq(GSE52613)/Homer	5.117303	-0.848290	0	T:8.0(34.78%),B:14397.9(31.13%),P:1e0
0.261	0.238	0.045	0.457
0.313	0.174	0.432	0.082
0.799	0.001	0.199	0.001
0.001	0.025	0.973	0.001
0.001	0.016	0.915	0.068
0.204	0.051	0.058	0.687
0.038	0.883	0.036	0.043
0.972	0.001	0.026	0.001
>RCCACGTGGYYN	Max(bHLH)/K562-Max-ChIP-Seq(GSE31477)/Homer	6.608033	-0.842107	0	T:2.0(8.70%),B:2919.9(6.31%),P:1e0
0.410	0.165	0.297	0.127
0.256	0.414	0.224	0.106
0.001	0.997	0.001	0.001
0.997	0.001	0.001	0.001
0.001	0.869	0.001	0.129
0.109	0.001	0.889	0.001
0.001	0.001	0.001	0.997
0.001	0.001	0.997	0.001
0.104	0.241	0.409	0.246
0.124	0.291	0.168	0.417
0.164	0.355	0.167	0.314
0.264	0.261	0.210	0.264
>GGCCCCGCCCCC	Sp1(Zf)/Promoter/Homer	8.685072	-0.837544	0	T:4.0(17.39%),B:6705.2(14.50%),P:1e0
0.181	0.218	0.541	0.060
0.050	0.001	0.948	0.001
0.013	0.870	0.061	0.056
0.033	0.815	0.001	0.151
0.049	0.949	0.001	0.001
0.001	0.997	0.001	0.001
0.025	0.001	0.973	0.001
0.001	0.997	0.001	0.001
0.001	0.997	0.001	0.001
0.001	0.881	0.001	0.117
0.103	0.825	0.001	0.071
0.037	0.512	0.221	0.230
>GHCACGTG	CLOCK(bHLH)/Liver-Clock-ChIP-Seq(GSE39860)/Homer	6.340065	-0.836422	0	T:2.0(8.70%),B:2933.8(6.34%),P:1e0
0.232	0.131	0.488	0.150
0.292	0.219	0.164	0.324
0.020	0.935	0.018	0.027
0.980	0.001	0.006	0.013
0.001	0.949	0.001	0.049
0.076	0.013	0.910	0.001
0.008	0.016	0.001	0.975
0.029	0.012	0.942	0.017
>TGGCAGTTGG	AMYB(HTH)/Testes-AMYB-ChIP-Seq(GSE44588)/Homer	5.009060	-0.808433	0	T:3.0(13.04%),B:4896.1(10.59%),P:1e0
0.159	0.161	0.149	0.531
0.155	0.001	0.796	0.048
0.332	0.008	0.547	0.113
