>ATTGCACAACCC	15-ATTGCACAACCC	7.447119	-25.959865	0	T:27.0(2.01%),B:177.7(0.38%),P:1e-11
0.418	0.189	0.199	0.195
0.168	0.227	0.169	0.437
0.163	0.144	0.177	0.516
0.165	0.241	0.442	0.152
0.021	0.947	0.014	0.018
0.530	0.244	0.070	0.156
0.204	0.512	0.153	0.131
0.640	0.231	0.115	0.014
0.501	0.023	0.293	0.183
0.109	0.496	0.283	0.113
0.226	0.646	0.105	0.023
0.257	0.577	0.008	0.158
