>NTGAGTCAGCNB	2-NTGAGTCAGCNB	6.063574	-344.970583	0	T:603.0(44.87%),B:7075.9(14.95%),P:1e-149
0.196	0.199	0.324	0.281
0.098	0.070	0.161	0.671
0.082	0.085	0.528	0.305
0.791	0.059	0.080	0.070
0.106	0.193	0.654	0.047
0.023	0.109	0.001	0.867
0.058	0.940	0.001	0.001
0.987	0.001	0.011	0.001
0.070	0.059	0.625	0.246
0.199	0.642	0.100	0.059
0.258	0.212	0.246	0.283
0.047	0.360	0.353	0.239
