>CCGGCCTCTCCC	14-CCGGCCTCTCCC	9.126521	-26.737940	0	T:117.0(8.71%),B:2054.8(4.34%),P:1e-11
0.019	0.843	0.083	0.055
0.087	0.751	0.053	0.109
0.095	0.080	0.746	0.079
0.075	0.110	0.773	0.042
0.032	0.873	0.051	0.044
0.037	0.873	0.058	0.032
0.066	0.056	0.048	0.830
0.032	0.863	0.036	0.069
0.053	0.076	0.021	0.850
0.054	0.849	0.045	0.052
0.010	0.855	0.017	0.118
0.010	0.899	0.032	0.059
