<!DOCTYPE HTML>
<html>
  <head>
    <meta charset="UTF-8">
    <title>Tomtom Results</title>
    <script>
      // @JSON_VAR data
      var data = {
        "program": "Tomtom",
        "version": "5.4.1",
        "release": "Sat Aug 21 19:23:23 2021 -0700",
        "cmd": [
          "tomtom", "-verbosity", "1", "-oc",
          "peaksSet1_enhancers_nearest_gene_MEME_ChIP/streme_tomtom_out",
          "-min-overlap", "5", "-dist", "pearson", "-evalue", "-thresh", "1",
          "-no-ssc",
          "peaksSet1_enhancers_nearest_gene_MEME_ChIP/streme_out/streme.xml",
          "/wistar/gardini/tools/meme/db/motif_databases/MOUSE/uniprobe_mouse.meme",
          "/wistar/gardini/tools/meme/db/motif_databases/JASPAR/JASPAR2022_CORE_vertebrates_non-redundant_v2.meme",
          "/wistar/gardini/tools/meme/db/motif_databases/EUKARYOTE/jolma2013.meme"
        ],
        "options": {
          "strands": "both",
          "distance_measure": "pearson",
          "threshold_type": "evalue",
          "threshold_value": 1,
          "background_source": "--query--"
        },
        "alphabet": {
          "name": "DNA",
          "like": "dna",
          "ncore": 4,
          "symbols": [
            {
              "symbol": "A",
              "name": "Adenine",
              "colour": "CC0000",
              "complement": "T"
            }, {
              "symbol": "C",
              "name": "Cytosine",
              "colour": "0000CC",
              "complement": "G"
            }, {
              "symbol": "G",
              "name": "Guanine",
              "colour": "FFB300",
              "complement": "C"
            }, {
              "symbol": "T",
              "aliases": "U",
              "name": "Thymine",
              "colour": "008000",
              "complement": "A"
            }, {
              "symbol": "N",
              "aliases": "X.",
              "name": "Any base",
              "equals": "ACGT"
            }, {
              "symbol": "V",
              "name": "Not T",
              "equals": "ACG"
            }, {
              "symbol": "H",
              "name": "Not G",
              "equals": "ACT"
            }, {
              "symbol": "D",
              "name": "Not C",
              "equals": "AGT"
            }, {
              "symbol": "B",
              "name": "Not A",
              "equals": "CGT"
            }, {
              "symbol": "M",
              "name": "Amino",
              "equals": "AC"
            }, {
              "symbol": "R",
              "name": "Purine",
              "equals": "AG"
            }, {
              "symbol": "W",
              "name": "Weak",
              "equals": "AT"
            }, {
              "symbol": "S",
              "name": "Strong",
              "equals": "CG"
            }, {
              "symbol": "Y",
              "name": "Pyrimidine",
              "equals": "CT"
            }, {
              "symbol": "K",
              "name": "Keto",
              "equals": "GT"
            }
          ]
        },
        "background": [0.25, 0.25, 0.25, 0.25],
        "query_dbs": [
          {
            "source": "peaksSet1_enhancers_nearest_gene_MEME_ChIP/streme_out/streme.xml",
            "name": "streme.xml",
            "loaded": 18,
            "excluded": 0,
            "last_modified": "Thu Dec 14 18:26:49 2023"
          }
        ],
        "target_dbs": [
          {
            "source": "/wistar/gardini/tools/meme/db/motif_databases/MOUSE/uniprobe_mouse.meme",
            "name": "uniprobe_mouse",
            "loaded": 386,
            "excluded": 0,
            "last_modified": "Thu Mar 17 20:59:31 2022"
          }, {
            "source": "/wistar/gardini/tools/meme/db/motif_databases/JASPAR/JASPAR2022_CORE_vertebrates_non-redundant_v2.meme",
            "name": "JASPAR2022_CORE_vertebrates_non-redundant_v2",
            "loaded": 841,
            "excluded": 0,
            "last_modified": "Thu Mar 17 20:57:27 2022"
          }, {
            "source": "/wistar/gardini/tools/meme/db/motif_databases/EUKARYOTE/jolma2013.meme",
            "name": "jolma2013",
            "loaded": 843,
            "excluded": 0,
            "last_modified": "Thu Mar 17 20:57:23 2022"
          }
        ],
        "queries": [
          {
            "db": 0,
            "id": "1-VTGASTCAB",
            "alt": "STREME-1",
            "len": 9,
            "nsites": 330,
            "evalue": "5.8e-005",
            "pwm": [
              [0.35955, 0.23193, 0.373706, 0.0348139], 
              [0.000210008, 0.00415428, 0.000224858, 0.995411], 
              [0.00119246, 0.000224858, 0.959545, 0.0390373], 
              [0.989517, 0.0100484, 0.000224858, 0.000210008], 
              [0.0441324, 0.455868, 0.455868, 0.0441324], 
              [0.000210008, 0.000224858, 0.0100484, 0.989517], 
              [0.0390373, 0.959545, 0.000224858, 0.00119246], 
              [0.995411, 0.000224858, 0.00415428, 0.000210008], 
              [0.0348139, 0.373706, 0.23193, 0.35955]
            ]
          }, {
            "db": 0,
            "id": "10-ATCAACCCG",
            "alt": "STREME-10",
            "len": 9,
            "nsites": 39,
            "evalue": "3.1e-002",
            "pwm": [
              [0.928886, 0.0244964, 0.0244964, 0.0221207], 
              [0.0221207, 0.0244964, 0.0244964, 0.928886], 
              [0.0221207, 0.931262, 0.0244964, 0.0221207], 
              [0.928886, 0.0244964, 0.0244964, 0.0221207], 
              [0.928886, 0.0244964, 0.0244964, 0.0221207], 
              [0.0221207, 0.931262, 0.0244964, 0.0221207], 
              [0.0221207, 0.931262, 0.0244964, 0.0221207], 
              [0.0221207, 0.931262, 0.0244964, 0.0221207], 
              [0.0221207, 0.0244964, 0.931262, 0.0221207]
            ]
          }, {
            "db": 0,
            "id": "11-GAGCAGKTTTGA",
            "alt": "STREME-11",
            "len": 12,
            "nsites": 48,
            "evalue": "3.1e-002",
            "pwm": [
              [0.02444, 0.0245274, 0.949722, 0.00131013], 
              [0.995895, 0.00139754, 0.00139754, 0.00131013], 
              [0.00131013, 0.0245274, 0.972852, 0.00131013], 
              [0.02444, 0.857203, 0.0245274, 0.0938297], 
              [0.949635, 0.00139754, 0.0476572, 0.00131013], 
              [0.00131013, 0.0245274, 0.972852, 0.00131013], 
              [0.209479, 0.0476572, 0.255826, 0.487037], 
              [0.02444, 0.0245274, 0.00139754, 0.949635], 
              [0.0706997, 0.0245274, 0.117047, 0.787726], 
              [0.00131013, 0.00139754, 0.325216, 0.672077], 
              [0.00131013, 0.00139754, 0.995982, 0.00131013], 
              [0.995895, 0.00139754, 0.00139754, 0.00131013]
            ]
          }, {
            "db": 0,
            "id": "12-TAAAAACTAGACAG",
            "alt": "STREME-12",
            "len": 14,
            "nsites": 56,
            "evalue": "3.1e-002",
            "pwm": [
              [0.0426219, 0.00123249, 0.00123249, 0.954913], 
              [0.913445, 0.0219664, 0.0634342, 0.00115414], 
              [0.892711, 0.084168, 0.0219664, 0.00115414], 
              [0.934179, 0.0427003, 0.0219664, 0.00115414], 
              [0.996381, 0.00123249, 0.00123249, 0.00115414], 
              [0.72684, 0.00123249, 0.084168, 0.187759], 
              [0.00115414, 0.851322, 0.14637, 0.00115414], 
              [0.0633558, 0.125636, 0.0634342, 0.747574], 
              [0.913445, 0.00123249, 0.084168, 0.00115414], 
              [0.0426219, 0.187838, 0.664717, 0.104823], 
              [0.975647, 0.00123249, 0.0219664, 0.00115414], 
              [0.00115414, 0.747652, 0.0219664, 0.229227], 
              [0.913445, 0.00123249, 0.0427003, 0.0426219], 
              [0.0426219, 0.0219664, 0.934257, 0.00115414]
            ]
          }, {
            "db": 0,
            "id": "13-AATATCCACTTGCA",
            "alt": "STREME-13",
            "len": 14,
            "nsites": 54,
            "evalue": "3.1e-002",
            "pwm": [
              [0.929369, 0.0243361, 0.0243361, 0.0219587], 
              [0.929369, 0.0243361, 0.0243361, 0.0219587], 
              [0.0219587, 0.0243361, 0.0243361, 0.929369], 
              [0.929369, 0.0243361, 0.0243361, 0.0219587], 
              [0.0219587, 0.0243361, 0.0243361, 0.929369], 
              [0.0219587, 0.931747, 0.0243361, 0.0219587], 
              [0.0219587, 0.931747, 0.0243361, 0.0219587], 
              [0.929369, 0.0243361, 0.0243361, 0.0219587], 
              [0.0219587, 0.931747, 0.0243361, 0.0219587], 
              [0.0219587, 0.0243361, 0.0243361, 0.929369], 
              [0.0219587, 0.0243361, 0.0243361, 0.929369], 
              [0.0219587, 0.0243361, 0.931747, 0.0219587], 
              [0.0219587, 0.931747, 0.0243361, 0.0219587], 
              [0.929369, 0.0243361, 0.0243361, 0.0219587]
            ]
          }, {
            "db": 0,
            "id": "14-CTACAAAAAGAGTGT",
            "alt": "STREME-14",
            "len": 15,
            "nsites": 55,
            "evalue": "3.1e-002",
            "pwm": [
              [0.0011622, 0.851303, 0.0219738, 0.125561], 
              [0.0011622, 0.167107, 0.00124056, 0.830491], 
              [0.89269, 0.0634402, 0.042707, 0.0011622], 
              [0.0011622, 0.913503, 0.0634402, 0.0218954], 
              [0.975624, 0.0219738, 0.00124056, 0.0011622], 
              [0.934157, 0.0219738, 0.042707, 0.0011622], 
              [0.975624, 0.00124056, 0.0219738, 0.0011622], 
              [0.871957, 0.0841734, 0.0219738, 0.0218954], 
              [0.95489, 0.00124056, 0.042707, 0.0011622], 
              [0.0011622, 0.0219738, 0.975702, 0.0011622], 
              [0.934157, 0.00124056, 0.00124056, 0.0633618], 
              [0.0011622, 0.0219738, 0.954968, 0.0218954], 
              [0.0426286, 0.00124056, 0.0634402, 0.89269], 
              [0.0218954, 0.00124056, 0.934235, 0.0426286], 
              [0.0218954, 0.0219738, 0.00124056, 0.95489]
            ]
          }, {
            "db": 0,
            "id": "15-AATCCC",
            "alt": "STREME-15",
            "len": 6,
            "nsites": 130,
            "evalue": "4.7e-002",
            "pwm": [
              [0.930104, 0.024092, 0.024092, 0.021712], 
              [0.930104, 0.024092, 0.024092, 0.021712], 
              [0.021712, 0.024092, 0.024092, 0.930104], 
              [0.021712, 0.932484, 0.024092, 0.021712], 
              [0.021712, 0.932484, 0.024092, 0.021712], 
              [0.021712, 0.932484, 0.024092, 0.021712]
            ]
          }, {
            "db": 0,
            "id": "16-AAAGCGCTCCA",
            "alt": "STREME-16",
            "len": 11,
            "nsites": 35,
            "evalue": "6.3e-002",
            "pwm": [
              [0.994593, 0.00183988, 0.00183988, 0.00172759], 
              [0.994593, 0.00183988, 0.00183988, 0.00172759], 
              [0.87574, 0.00183988, 0.0315529, 0.0908669], 
              [0.00172759, 0.00183988, 0.994705, 0.00172759], 
              [0.239432, 0.625814, 0.0735994, 0.0611538], 
              [0.180006, 0.162738, 0.655527, 0.00172759], 
              [0.00172759, 0.757, 0.239545, 0.00172759], 
              [0.00172759, 0.0315529, 0.00183988, 0.964879], 
              [0.00172759, 0.994705, 0.00183988, 0.00172759], 
              [0.00172759, 0.994705, 0.00183988, 0.00172759], 
              [0.994593, 0.00183988, 0.00183988, 0.00172759]
            ]
          }, {
            "db": 0,
            "id": "17-GGAAGGGAAKG",
            "alt": "STREME-17",
            "len": 11,
            "nsites": 32,
            "evalue": "5.0e-001",
            "pwm": [
              [0.00191527, 0.0685564, 0.927613, 0.00191527], 
              [0.00191527, 0.00204096, 0.960871, 0.035173], 
              [0.994003, 0.00204096, 0.00204096, 0.00191527], 
              [0.81391, 0.00204096, 0.168329, 0.01572], 
              [0.00191527, 0.00204096, 0.994129, 0.00191527], 
              [0.0684307, 0.0352987, 0.894355, 0.00191527], 
              [0.00191527, 0.00204096, 0.994129, 0.00191527], 
              [0.813906, 0.0352987, 0.115623, 0.035173], 
              [0.960745, 0.00204096, 0.0352987, 0.00191527], 
              [0.00191527, 0.00204096, 0.561778, 0.434266], 
              [0.00191527, 0.00204096, 0.994129, 0.00191527]
            ]
          }, {
            "db": 0,
            "id": "18-TCCAACGAARKCC",
            "alt": "STREME-18",
            "len": 13,
            "nsites": 51,
            "evalue": "8.8e-001",
            "pwm": [
              [0.00124469, 0.00132824, 0.00132824, 0.996099], 
              [0.0454605, 0.929859, 0.0234361, 0.00124469], 
              [0.0454605, 0.929859, 0.0234361, 0.00124469], 
              [0.88556, 0.0676518, 0.0234361, 0.0233526], 
              [0.951883, 0.045544, 0.00132824, 0.00124469], 
              [0.0454605, 0.664564, 0.0676518, 0.222323], 
              [0.00124469, 0.133975, 0.863535, 0.00124469], 
              [0.775021, 0.200299, 0.00132824, 0.0233526], 
              [0.951883, 0.00132824, 0.0234361, 0.0233526], 
              [0.487618, 0.00132824, 0.332946, 0.178108], 
              [0.00124469, 0.00132824, 0.421378, 0.57605], 
              [0.00124469, 0.974074, 0.0234361, 0.00124469], 
              [0.0233526, 0.752996, 0.133975, 0.0896762]
            ]
          }, {
            "db": 0,
            "id": "2-RACCACAG",
            "alt": "STREME-2",
            "len": 8,
            "nsites": 203,
            "evalue": "4.1e-003",
            "pwm": [
              [0.405761, 0.000546751, 0.513234, 0.0804574], 
              [0.998402, 0.000546751, 0.000546751, 0.000504562], 
              [0.0468204, 0.952128, 0.000546751, 0.000504562], 
              [0.000504562, 0.947911, 0.000546751, 0.0510379], 
              [0.810595, 0.000546751, 0.102317, 0.0865419], 
              [0.0168157, 0.907041, 0.000546751, 0.0755959], 
              [0.980498, 0.0184508, 0.000546751, 0.000504562], 
              [0.137643, 0.0783812, 0.696981, 0.0869949]
            ]
          }, {
            "db": 0,
            "id": "3-AGTTTCTGAGAATGC",
            "alt": "STREME-3",
            "len": 15,
            "nsites": 61,
            "evalue": "7.9e-003",
            "pwm": [
              [0.924361, 0.0373054, 0.00109624, 0.037237], 
              [0.00102782, 0.00109624, 0.924429, 0.0734461], 
              [0.0191324, 0.0373054, 0.0373054, 0.906257], 
              [0.0191324, 0.00109624, 0.0192009, 0.96057], 
              [0.127759, 0.00109624, 0.0373054, 0.833839], 
              [0.00102782, 0.996848, 0.00109624, 0.00102782], 
              [0.00102782, 0.00109624, 0.00109624, 0.99678], 
              [0.0191324, 0.109724, 0.870116, 0.00102782], 
              [0.888152, 0.0192009, 0.05541, 0.037237], 
              [0.0191324, 0.0373054, 0.906325, 0.037237], 
              [0.924361, 0.0192009, 0.0192009, 0.037237], 
              [0.851943, 0.0373054, 0.0735145, 0.037237], 
              [0.00102782, 0.0373054, 0.0373054, 0.924361], 
              [0.0553415, 0.00109624, 0.761488, 0.182073], 
              [0.163969, 0.815802, 0.00109624, 0.0191324]
            ]
          }, {
            "db": 0,
            "id": "4-GTTCAACTCTGTGAS",
            "alt": "STREME-4",
            "len": 15,
            "nsites": 52,
            "evalue": "7.9e-003",
            "pwm": [
              [0.00125244, 0.0691665, 0.883109, 0.0464715], 
              [0.00125244, 0.00133789, 0.00133789, 0.996072], 
              [0.00125244, 0.00133789, 0.00133789, 0.996072], 
              [0.159519, 0.770062, 0.0465569, 0.023862], 
              [0.928243, 0.0691665, 0.00133789, 0.00125244], 
              [0.928243, 0.0465569, 0.0239474, 0.00125244], 
              [0.00125244, 0.928329, 0.0465569, 0.023862], 
              [0.0916905, 0.0239474, 0.0239474, 0.860414], 
              [0.00125244, 0.973548, 0.0239474, 0.00125244], 
              [0.023862, 0.0239474, 0.00133789, 0.950853], 
              [0.0464715, 0.0465569, 0.8605, 0.0464715], 
              [0.069081, 0.00133789, 0.0239474, 0.905633], 
              [0.00125244, 0.0239474, 0.905719, 0.069081], 
              [0.996072, 0.00133789, 0.00133789, 0.00125244], 
              [0.0464715, 0.317871, 0.611795, 0.023862]
            ]
          }, {
            "db": 0,
            "id": "5-AAAGGAAT",
            "alt": "STREME-5",
            "len": 8,
            "nsites": 52,
            "evalue": "1.6e-002",
            "pwm": [
              [0.994796, 0.00177791, 0.00177791, 0.00164865], 
              [0.994796, 0.00177791, 0.00177791, 0.00164865], 
              [0.994796, 0.00177791, 0.00177791, 0.00164865], 
              [0.00164865, 0.110986, 0.885716, 0.00164865], 
              [0.00164865, 0.00177791, 0.994924, 0.00164865], 
              [0.880776, 0.00177791, 0.00177791, 0.115668], 
              [0.994796, 0.00177791, 0.00177791, 0.00164865], 
              [0.00164865, 0.00177791, 0.00177791, 0.994796]
            ]
          }, {
            "db": 0,
            "id": "6-GATGWTTGCATTCAA",
            "alt": "STREME-6",
            "len": 15,
            "nsites": 57,
            "evalue": "1.6e-002",
            "pwm": [
              [0.0214446, 0.0012087, 0.976215, 0.00113194], 
              [0.894888, 0.0215213, 0.0012087, 0.0823825], 
              [0.00113194, 0.0012087, 0.0012087, 0.99645], 
              [0.0214446, 0.0012087, 0.976215, 0.00113194], 
              [0.346447, 0.0215213, 0.0012087, 0.630823], 
              [0.00113194, 0.0215213, 0.265273, 0.712074], 
              [0.00113194, 0.0012087, 0.0215213, 0.976138], 
              [0.00113194, 0.224647, 0.773088, 0.00113194], 
              [0.00113194, 0.894964, 0.0012087, 0.102695], 
              [0.935512, 0.0012087, 0.0621466, 0.00113194], 
              [0.0417572, 0.0215213, 0.0215213, 0.9152], 
              [0.0214446, 0.0215213, 0.0012087, 0.955826], 
              [0.0214446, 0.935589, 0.0215213, 0.0214446], 
              [0.854262, 0.0012087, 0.143397, 0.00113194], 
              [0.955826, 0.0012087, 0.0215213, 0.0214446]
            ]
          }, {
            "db": 0,
            "id": "7-CCCCGCC",
            "alt": "STREME-7",
            "len": 7,
            "nsites": 134,
            "evalue": "1.8e-002",
            "pwm": [
              [0.0217068, 0.9325, 0.0240868, 0.0217068], 
              [0.0217068, 0.9325, 0.0240868, 0.0217068], 
              [0.0217068, 0.9325, 0.0240868, 0.0217068], 
              [0.0217068, 0.9325, 0.0240868, 0.0217068], 
              [0.0217068, 0.0240868, 0.9325, 0.0217068], 
              [0.0217068, 0.9325, 0.0240868, 0.0217068], 
              [0.0217068, 0.9325, 0.0240868, 0.0217068]
            ]
          }, {
            "db": 0,
            "id": "8-AAGATATTTCCWT",
            "alt": "STREME-8",
            "len": 13,
            "nsites": 68,
            "evalue": "2.0e-002",
            "pwm": [
              [0.870022, 0.0319436, 0.0474379, 0.0505959], 
              [0.716848, 0.000955121, 0.0319436, 0.250253], 
              [0.0628736, 0.000955121, 0.888792, 0.0473793], 
              [0.935216, 0.0474379, 0.000955121, 0.0163908], 
              [0.000896566, 0.0164494, 0.000955121, 0.981699], 
              [0.63616, 0.0319436, 0.253528, 0.0783678], 
              [0.284458, 0.000955121, 0.000955121, 0.713632], 
              [0.0318851, 0.000955121, 0.0164494, 0.950711], 
              [0.000896566, 0.0784263, 0.000955121, 0.919722], 
              [0.0783678, 0.842309, 0.0629321, 0.0163908], 
              [0.0163908, 0.888792, 0.000955121, 0.093862], 
              [0.423906, 0.000955121, 0.0474379, 0.527701], 
              [0.000896566, 0.000955121, 0.000955121, 0.997193]
            ]
          }, {
            "db": 0,
            "id": "9-ATGACTAA",
            "alt": "STREME-9",
            "len": 8,
            "nsites": 24,
            "evalue": "3.1e-002",
            "pwm": [
              [0.927803, 0.0248563, 0.0248563, 0.0224844], 
              [0.0224844, 0.0248563, 0.0248563, 0.927803], 
              [0.0224844, 0.0248563, 0.930175, 0.0224844], 
              [0.927803, 0.0248563, 0.0248563, 0.0224844], 
              [0.0224844, 0.930175, 0.0248563, 0.0224844], 
              [0.0224844, 0.0248563, 0.0248563, 0.927803], 
              [0.927803, 0.0248563, 0.0248563, 0.0224844], 
              [0.927803, 0.0248563, 0.0248563, 0.0224844]
            ]
          }
        ],
        "targets": [
          {
            "db": 0,
            "id": "UP00000_2",
            "alt": "Smad3_secondary",
            "len": 17,
            "nsites": 20,
            "url": "http://thebrain.bwh.harvard.edu/uniprobe/details2.php?id=00000",
            "pwm": [
              [0.151162, 0.132367, 0.245687, 0.470783], 
              [0.316485, 0.287128, 0.151322, 0.245065], 
              [0.256441, 0.408275, 0.110398, 0.224887], 
              [0.210842, 0.22037, 0.344537, 0.224251], 
              [0.167094, 0.507651, 0.0825134, 0.242741], 
              [0.0503493, 0.756846, 0.0892925, 0.103512], 
              [0.048605, 0.782882, 0.122594, 0.0459184], 
              [0.00582687, 0.941476, 0.0357672, 0.0169294], 
              [0.0412955, 0.0516438, 0.887196, 0.0198637], 
              [0.00426667, 0.910397, 0.0235811, 0.0617552], 
              [0.0297731, 0.938037, 0.0134587, 0.0187313], 
              [0.633326, 0.14028, 0.111189, 0.115205], 
              [0.240066, 0.385272, 0.183182, 0.191481], 
              [0.210627, 0.274007, 0.085991, 0.429375], 
              [0.0889234, 0.45358, 0.209193, 0.248303], 
              [0.181611, 0.264953, 0.149525, 0.40391], 
              [0.101811, 0.252669, 0.367952, 0.277568]
            ]
          }, {
            "db": 0,
            "id": "UP00033_2",
            "alt": "Zfp410_secondary",
            "len": 17,
            "nsites": 20,
            "url": "http://thebrain.bwh.harvard.edu/uniprobe/details2.php?id=00033",
            "pwm": [
              [0.163412, 0.284608, 0.237496, 0.314485], 
              [0.182785, 0.446601, 0.0703622, 0.300251], 
              [0.298729, 0.260959, 0.213394, 0.226917], 
              [0.136606, 0.432151, 0.1448, 0.286443], 
              [0.180432, 0.395207, 0.15902, 0.265341], 
              [0.0702527, 0.74603, 0.069799, 0.113918], 
              [0.0614279, 0.7155, 0.076202, 0.14687], 
              [0.024408, 0.0726488, 0.643532, 0.25941], 
              [0.167309, 0.747276, 0.0636617, 0.0217532], 
              [0.051394, 0.772635, 0.0898726, 0.0860985], 
              [0.104574, 0.764982, 0.0697055, 0.0607373], 
              [0.0657363, 0.745839, 0.115262, 0.0731642], 
              [0.340469, 0.0728279, 0.243016, 0.343689], 
              [0.301708, 0.263445, 0.166345, 0.268501], 
              [0.478657, 0.22309, 0.119096, 0.179157], 
              [0.229571, 0.283454, 0.143631, 0.343344], 
              [0.261675, 0.180538, 0.170303, 0.387483]
            ]
          }, {
            "db": 0,
            "id": "UP00043_2",
            "alt": "Bcl6b_secondary",
            "len": 16,
            "nsites": 20,
            "url": "http://thebrain.bwh.harvard.edu/uniprobe/details2.php?id=00043",
            "pwm": [
              [0.316241, 0.278241, 0.153041, 0.252478], 
              [0.167553, 0.256999, 0.259845, 0.315603], 
              [0.175894, 0.325578, 0.259946, 0.238582], 
              [0.165475, 0.385002, 0.239501, 0.210022], 
              [0.0703871, 0.780068, 0.0733373, 0.076208], 
              [0.0509383, 0.797897, 0.0330726, 0.118093], 
              [0.223514, 0.0612498, 0.551185, 0.164051], 
              [0.0738249, 0.815425, 0.0354786, 0.0752716], 
              [0.0714279, 0.842166, 0.0636438, 0.0227622], 
              [0.0321244, 0.856322, 0.056392, 0.0551612], 
              [0.064595, 0.795774, 0.0681831, 0.0714468], 
              [0.347998, 0.0317881, 0.197442, 0.422772], 
              [0.306935, 0.256438, 0.181352, 0.255275], 
              [0.459884, 0.284883, 0.0910527, 0.164181], 
              [0.315471, 0.228538, 0.171527, 0.284465], 
              [0.373907, 0.268237, 0.199065, 0.158791]
            ]
          }, {
            "db": 0,
            "id": "UP00054_1",
            "alt": "Tcf7_primary",
            "len": 17,
            "nsites": 20,
            "url": "http://thebrain.bwh.harvard.edu/uniprobe/details2.php?id=00054",
            "pwm": [
              [0.171205, 0.19724, 0.22065, 0.410905], 
              [0.336797, 0.228589, 0.140684, 0.29393], 
              [0.299067, 0.174159, 0.143956, 0.382817], 
              [0.602196, 0.0545343, 0.12882, 0.214449], 
              [0.037401, 0.377289, 0.533231, 0.0520806], 
              [0.723498, 0.0115065, 0.00970249, 0.255294], 
              [0.0687612, 0.00905373, 0.0057801, 0.916405], 
              [0.0503851, 0.812683, 0.0990846, 0.0378478], 
              [0.956979, 0.00625473, 0.00635522, 0.0304109], 
              [0.957096, 0.00577114, 0.0199652, 0.0171682], 
              [0.931836, 0.00638706, 0.024991, 0.0367861], 
              [0.160209, 0.0612836, 0.758797, 0.0197104], 
              [0.228641, 0.154375, 0.521694, 0.0952905], 
              [0.556452, 0.124141, 0.254133, 0.0652736], 
              [0.489057, 0.212165, 0.125181, 0.173597], 
              [0.310162, 0.250278, 0.133196, 0.306364], 
              [0.332308, 0.248942, 0.121277, 0.297474]
            ]
          }, {
            "db": 0,
            "id": "UP00093_1",
            "alt": "Klf7_primary",
            "len": 16,
            "nsites": 20,
            "url": "http://thebrain.bwh.harvard.edu/uniprobe/details2.php?id=00093",
            "pwm": [
              [0.20474, 0.19861, 0.17161, 0.42504], 
              [0.1676, 0.296552, 0.246101, 0.289747], 
              [0.267244, 0.148508, 0.397934, 0.186312], 
              [0.547897, 0.0611114, 0.336667, 0.0543254], 
              [0.0517373, 0.896779, 0.0233025, 0.0281821], 
              [0.0389602, 0.916997, 0.00956219, 0.0344806], 
              [0.409558, 0.565126, 0.0174299, 0.00788557], 
              [0.0107224, 0.97871, 0.00229851, 0.00826866], 
              [0.204519, 0.00232239, 0.746087, 0.0470706], 
              [0.0051791, 0.984816, 0.00405075, 0.00595522], 
              [0.00548657, 0.98515, 0.00553333, 0.00382886], 
              [0.00398806, 0.926168, 0.00248159, 0.0673612], 
              [0.260281, 0.420829, 0.0258408, 0.29305], 
              [0.185122, 0.247708, 0.0860567, 0.481112], 
              [0.347052, 0.197606, 0.140508, 0.314835], 
              [0.255255, 0.167035, 0.242335, 0.335375]
            ]
          }, {
            "db": 0,
            "id": "UP00099_2",
            "alt": "Ascl2_secondary",
            "len": 16,
            "nsites": 20,
            "url": "http://thebrain.bwh.harvard.edu/uniprobe/details2.php?id=00099",
            "pwm": [
              [0.115136, 0.345126, 0.289157, 0.25058], 
              [0.192879, 0.25084, 0.116915, 0.439366], 
              [0.338396, 0.304656, 0.196112, 0.160836], 
              [0.311742, 0.115765, 0.1629, 0.409592], 
              [0.144502, 0.598748, 0.123978, 0.132771], 
              [0.079603, 0.712758, 0.135753, 0.0718856], 
              [0.146707, 0.683404, 0.0706955, 0.099193], 
              [0.137848, 0.644107, 0.127043, 0.091002], 
              [0.334676, 0.0930448, 0.370905, 0.201374], 
              [0.0341692, 0.62928, 0.0751522, 0.261399], 
              [0.118175, 0.617499, 0.101688, 0.162639], 
              [0.115442, 0.625485, 0.0906358, 0.168439], 
              [0.196057, 0.252047, 0.220948, 0.330948], 
              [0.414532, 0.121374, 0.281216, 0.182878], 
              [0.111869, 0.217243, 0.24579, 0.425099], 
              [0.191808, 0.296718, 0.153851, 0.357624]
            ]
          }, {
            "db": 0,
            "id": "UP00101_2",
            "alt": "Sox12_secondary",
            "len": 16,
            "nsites": 20,
            "url": "http://thebrain.bwh.harvard.edu/uniprobe/details2.php?id=00101",
            "pwm": [
              [0.378257, 0.318558, 0.206079, 0.0971055], 
              [0.352014, 0.320882, 0.224631, 0.102474], 
              [0.323185, 0.182394, 0.211092, 0.283329], 
              [0.136108, 0.324856, 0.20824, 0.330796], 
              [0.661051, 0.0564388, 0.154934, 0.127575], 
              [0.0527343, 0.292355, 0.535878, 0.119033], 
              [0.883322, 0.043394, 0.036808, 0.0364756], 
              [0.0446736, 0.686561, 0.0951323, 0.173634], 
              [0.878907, 0.0408637, 0.0200488, 0.0601801], 
              [0.861115, 0.0370756, 0.0692667, 0.0325423], 
              [0.787471, 0.0478786, 0.0426308, 0.122019], 
              [0.0882557, 0.144433, 0.70552, 0.06179], 
              [0.295691, 0.133064, 0.48453, 0.0867154], 
              [0.65115, 0.133586, 0.110708, 0.104555], 
              [0.351258, 0.132359, 0.217891, 0.298494], 
              [0.204206, 0.197038, 0.100704, 0.498052]
            ]
          }, {
            "db": 0,
            "id": "UP00103_2",
            "alt": "Jundm2_secondary",
            "len": 16,
            "nsites": 20,
            "url": "http://thebrain.bwh.harvard.edu/uniprobe/details2.php?id=00103",
            "pwm": [
              [0.33038, 0.277613, 0.217411, 0.174596], 
              [0.254064, 0.134328, 0.267938, 0.343671], 
              [0.103448, 0.139196, 0.266652, 0.490703], 
              [0.211284, 0.116422, 0.488262, 0.184034], 
              [0.63248, 0.0303413, 0.325348, 0.0118318], 
              [0.00580597, 0.00800199, 0.00578507, 0.980407], 
              [0.00446269, 0.00625473, 0.893655, 0.0956289], 
              [0.910712, 0.0699612, 0.00358607, 0.0157403], 
              [0.0124955, 0.443068, 0.532432, 0.012005], 
              [0.00919005, 0.00698507, 0.00447861, 0.979346], 
              [0.0449015, 0.944647, 0.00627264, 0.0041791], 
              [0.981923, 0.00464378, 0.0092597, 0.00417313], 
              [0.018194, 0.519963, 0.0331373, 0.428705], 
              [0.331007, 0.41386, 0.09859, 0.156543], 
              [0.317287, 0.218547, 0.235421, 0.228744], 
              [0.308086, 0.290891, 0.191703, 0.209319]
            ]
          }, {
            "db": 0,
            "id": "UP00143_1",
            "alt": "Dobox5_3493.1",
            "len": 17,
            "nsites": 20,
            "url": "http://thebrain.bwh.harvard.edu/uniprobe/details2.php?id=00143",
            "pwm": [
              [0.317668, 0.161737, 0.325165, 0.19543], 
              [0.313285, 0.0838537, 0.377234, 0.225628], 
              [0.297968, 0.281926, 0.19031, 0.229794], 
              [0.48339, 0.174994, 0.249179, 0.0924378], 
              [0.179295, 0.0270935, 0.768824, 0.0247881], 
              [0.0490846, 0.0028796, 0.94533, 0.00270547], 
              [0.00927264, 0.00214726, 0.982043, 0.00653831], 
              [0.960588, 0.0336358, 0.00155423, 0.00422189], 
              [0.00486269, 0.00407861, 0.0025204, 0.988538], 
              [0.00750945, 0.00898905, 0.00151841, 0.981983], 
              [0.926706, 0.00193632, 0.00213831, 0.0692179], 
              [0.812449, 0.008201, 0.154748, 0.024601], 
              [0.0589244, 0.177915, 0.0970109, 0.66615], 
              [0.237044, 0.285742, 0.0587025, 0.418511], 
              [0.347325, 0.201002, 0.249828, 0.201845], 
              [0.239555, 0.153637, 0.0968836, 0.509924], 
              [0.23495, 0.401063, 0.137479, 0.226508]
            ]
          }, {
            "db": 0,
            "id": "UP00153_1",
            "alt": "Pitx1_2312.1",
            "len": 17,
            "nsites": 20,
            "url": "http://thebrain.bwh.harvard.edu/uniprobe/details2.php?id=00153",
            "pwm": [
              [0.207583, 0.246341, 0.167347, 0.378728], 
              [0.116499, 0.171433, 0.35178, 0.36029], 
              [0.434932, 0.190622, 0.290345, 0.0841015], 
              [0.280999, 0.147653, 0.421907, 0.149441], 
              [0.452981, 0.0514577, 0.388547, 0.107013], 
              [0.187941, 0.0442398, 0.732561, 0.0352587], 
              [0.0438189, 0.00310149, 0.950513, 0.00256617], 
              [0.00724577, 0.00229353, 0.982829, 0.00763184], 
              [0.951655, 0.0431483, 0.00159701, 0.0036], 
              [0.0049801, 0.0059801, 0.00199403, 0.987046], 
              [0.00673134, 0.0102716, 0.00150945, 0.981487], 
              [0.90998, 0.00195224, 0.00227363, 0.085794], 
              [0.719238, 0.0253114, 0.198653, 0.056799], 
              [0.334446, 0.488809, 0.059206, 0.117539], 
              [0.456272, 0.0725075, 0.241987, 0.229234], 
              [0.477219, 0.20807, 0.144281, 0.17043], 
              [0.256926, 0.248888, 0.203829, 0.290357]
            ]
          }, {
            "db": 0,
            "id": "UP00160_1",
            "alt": "Obox3_3439.1",
            "len": 17,
            "nsites": 20,
            "url": "http://thebrain.bwh.harvard.edu/uniprobe/details2.php?id=00160",
            "pwm": [
              [0.265907, 0.173758, 0.154404, 0.40593], 
              [0.13016, 0.268878, 0.350145, 0.250817], 
              [0.342423, 0.209053, 0.333872, 0.114652], 
              [0.153721, 0.16499, 0.580867, 0.100422], 
              [0.258371, 0.0328119, 0.627569, 0.0812478], 
              [0.111978, 0.0362279, 0.766039, 0.0857562], 
              [0.0838517, 0.00528358, 0.90259, 0.00827463], 
              [0.0132915, 0.00392338, 0.966562, 0.0162239], 
              [0.978685, 0.0108667, 0.00293433, 0.00751542], 
              [0.00479801, 0.00404876, 0.00723383, 0.983919], 
              [0.0132498, 0.00766667, 0.0048, 0.974285], 
              [0.951055, 0.00322886, 0.0103881, 0.0353284], 
              [0.713865, 0.0167134, 0.127371, 0.142052], 
              [0.137838, 0.671742, 0.0880249, 0.102395], 
              [0.282536, 0.0578547, 0.162814, 0.496795], 
              [0.431253, 0.290088, 0.110206, 0.168454], 
              [0.260548, 0.267265, 0.0705731, 0.401614]
            ]
          }, {
            "db": 0,
            "id": "UP00208_1",
            "alt": "Obox5_2284.1",
            "len": 17,
            "nsites": 20,
            "url": "http://thebrain.bwh.harvard.edu/uniprobe/details2.php?id=00208",
            "pwm": [
              [0.281108, 0.189272, 0.137173, 0.392448], 
              [0.34356, 0.0393194, 0.328032, 0.289089], 
              [0.266544, 0.234368, 0.327634, 0.171455], 
              [0.39246, 0.143372, 0.378639, 0.0855284], 
              [0.111632, 0.0641393, 0.808554, 0.0156736], 
              [0.0898517, 0.00414925, 0.902487, 0.00351244], 
              [0.00961294, 0.00179502, 0.981177, 0.00741493], 
              [0.983898, 0.00621393, 0.00213532, 0.00775323], 
              [0.00519602, 0.00249851, 0.00428657, 0.988019], 
              [0.00877413, 0.00599303, 0.00173234, 0.9835], 
              [0.970982, 0.00206766, 0.00283383, 0.0241164], 
              [0.797108, 0.00614527, 0.0221174, 0.174629], 
              [0.383042, 0.178519, 0.08299, 0.355449], 
              [0.0752169, 0.082208, 0.0319104, 0.810664], 
              [0.183306, 0.308713, 0.181244, 0.326735], 
              [0.273925, 0.191821, 0.122006, 0.412249], 
              [0.286495, 0.376995, 0.142341, 0.194169]
            ]
          }, {
            "db": 0,
            "id": "UP00208_2",
            "alt": "Obox5_3963.2",
            "len": 17,
            "nsites": 20,
            "url": "http://thebrain.bwh.harvard.edu/uniprobe/details2.php?id=00208",
            "pwm": [
              [0.168487, 0.216215, 0.335219, 0.28008], 
              [0.495808, 0.0908975, 0.139961, 0.273333], 
              [0.166583, 0.250088, 0.181748, 0.401581], 
              [0.782325, 0.0337642, 0.0999891, 0.0839214], 
              [0.435129, 0.069195, 0.186116, 0.309559], 
              [0.204683, 0.0185144, 0.0107134, 0.766089], 
              [0.0232627, 0.00352935, 0.00214129, 0.971066], 
              [0.98375, 0.00246468, 0.00572338, 0.00806169], 
              [0.987025, 0.00512338, 0.00409552, 0.00375622], 
              [0.00852935, 0.00247363, 0.00900398, 0.979993], 
              [0.0126975, 0.979026, 0.00310547, 0.00517114], 
              [0.00394328, 0.871116, 0.00643582, 0.118504], 
              [0.0416448, 0.659133, 0.0942478, 0.204974], 
              [0.0764945, 0.224721, 0.107993, 0.590792], 
              [0.165691, 0.353809, 0.212927, 0.267573], 
              [0.198115, 0.333477, 0.035802, 0.432606], 
              [0.186919, 0.227609, 0.198894, 0.386578]
            ]
          }, {
            "db": 0,
            "id": "UP00216_1",
            "alt": "Obox1_3970.2",
            "len": 17,
            "nsites": 20,
            "url": "http://thebrain.bwh.harvard.edu/uniprobe/details2.php?id=00216",
            "pwm": [
              [0.239529, 0.131676, 0.243539, 0.385256], 
              [0.217704, 0.106969, 0.206332, 0.468994], 
              [0.645349, 0.113803, 0.158226, 0.0826219], 
              [0.446803, 0.11223, 0.371486, 0.0694826], 
              [0.248548, 0.0189423, 0.68475, 0.0477592], 
              [0.0895721, 0.00999602, 0.879885, 0.0205473], 
              [0.0506597, 0.00451443, 0.941866, 0.0029602], 
              [0.00479502, 0.00166169, 0.957049, 0.0364935], 
              [0.963624, 0.0309781, 0.00149055, 0.00390746], 
              [0.00295622, 0.00714129, 0.00230149, 0.9876], 
              [0.00959104, 0.0128637, 0.00152239, 0.976023], 
              [0.94349, 0.00190348, 0.00356119, 0.0510468], 
              [0.708724, 0.0190965, 0.0535831, 0.218597], 
              [0.234204, 0.61788, 0.0747473, 0.0731692], 
              [0.255001, 0.148745, 0.160304, 0.435949], 
              [0.447623, 0.201113, 0.0929085, 0.258355], 
              [0.182674, 0.33309, 0.18243, 0.301807]
            ]
          }, {
            "db": 0,
            "id": "UP00229_1",
            "alt": "Otx1_2325.1",
            "len": 17,
            "nsites": 20,
            "url": "http://thebrain.bwh.harvard.edu/uniprobe/details2.php?id=00229",
            "pwm": [
              [0.300358, 0.150497, 0.303542, 0.245603], 
              [0.19472, 0.0961353, 0.486108, 0.223036], 
              [0.366257, 0.111112, 0.163355, 0.359276], 
              [0.425913, 0.0502786, 0.473176, 0.0506328], 
              [0.176399, 0.195445, 0.60666, 0.0214965], 
              [0.0780388, 0.00508657, 0.912929, 0.00394527], 
              [0.00816318, 0.00276219, 0.982242, 0.00683184], 
              [0.949518, 0.0441035, 0.00174527, 0.00463284], 
              [0.00297811, 0.00576816, 0.00301791, 0.988236], 
              [0.0140617, 0.0046806, 0.00164378, 0.979614], 
              [0.935656, 0.00164577, 0.00310846, 0.05959], 
              [0.685263, 0.0264458, 0.144045, 0.144247], 
              [0.11812, 0.129589, 0.0978448, 0.654446], 
              [0.291697, 0.126027, 0.0949045, 0.487372], 
              [0.241339, 0.23791, 0.201533, 0.319217], 
              [0.316707, 0.222922, 0.160755, 0.299614], 
              [0.187792, 0.26176, 0.240744, 0.309702]
            ]
          }, {
            "db": 0,
            "id": "UP00239_1",
            "alt": "Obox2_3438.2",
            "len": 17,
            "nsites": 20,
            "url": "http://thebrain.bwh.harvard.edu/uniprobe/details2.php?id=00239",
            "pwm": [
              [0.293631, 0.125765, 0.142975, 0.43763], 
              [0.122915, 0.145158, 0.407337, 0.32459], 
              [0.447867, 0.148345, 0.312037, 0.0917502], 
              [0.153285, 0.0608179, 0.647143, 0.138754], 
              [0.18803, 0.0418836, 0.723115, 0.0469711], 
              [0.0712726, 0.0222478, 0.861473, 0.045007], 
              [0.0646915, 0.00802886, 0.912615, 0.0146647], 
              [0.0195224, 0.0038995, 0.944592, 0.0319861], 
