>TGGAGCCCTGTG	1-TGGAGCCCTGTG	14.334004	-21.488969	0	T:4.0(10.00%),B:13.8(0.03%),P:1e-9	Tpos:103.2,Tstd:53.0,Bpos:107.2,Bstd:51.4,StrandBias:1.6,Multiplicity:1.00
0.001	0.001	0.001	0.997
0.268	0.001	0.730	0.001
0.001	0.001	0.997	0.001
0.805	0.001	0.193	0.001
0.001	0.001	0.730	0.268
0.001	0.997	0.001	0.001
0.001	0.997	0.001	0.001
0.001	0.997	0.001	0.001
0.001	0.001	0.001	0.997
0.001	0.001	0.997	0.001
0.001	0.001	0.001	0.997
0.001	0.001	0.997	0.001
>ATCTGCAGAGGT	2-ATCTGCAGAGGT	12.783025	-16.911074	0	T:4.0(10.00%),B:41.5(0.09%),P:1e-7	Tpos:45.2,Tstd:26.8,Bpos:96.7,Bstd:48.8,StrandBias:0.0,Multiplicity:1.00
0.997	0.001	0.001	0.001
0.001	0.001	0.317	0.681
0.001	0.681	0.001	0.317
0.317	0.001	0.001	0.681
0.001	0.001	0.997	0.001
0.001	0.997	0.001	0.001
0.997	0.001	0.001	0.001
0.001	0.317	0.681	0.001
0.997	0.001	0.001	0.001
0.001	0.001	0.997	0.001
0.001	0.317	0.681	0.001
0.001	0.001	0.317	0.681
>AGTGAACTCAGT	3-AGTGAACTCAGT	9.531346	-16.354922	0	T:6.0(15.00%),B:261.7(0.54%),P:1e-7	Tpos:115.2,Tstd:59.6,Bpos:102.7,Bstd:63.5,StrandBias:2.3,Multiplicity:1.00
0.563	0.001	0.218	0.218
0.109	0.218	0.672	0.001
0.109	0.001	0.109	0.781
0.001	0.109	0.672	0.218
0.671	0.218	0.110	0.001
0.672	0.001	0.218	0.109
0.001	0.780	0.218	0.001
0.001	0.328	0.109	0.562
0.001	0.876	0.122	0.001
0.890	0.001	0.108	0.001
0.001	0.001	0.997	0.001
0.013	0.001	0.109	0.877
>KMGTGGGGGARG	4-KMGTGGGGGARG	11.608918	-16.092422	0	T:6.0(15.00%),B:273.6(0.56%),P:1e-6	Tpos:127.3,Tstd:42.2,Bpos:101.7,Bstd:63.9,StrandBias:0.0,Multiplicity:1.00
0.176	0.134	0.384	0.306
0.289	0.381	0.116	0.214
0.001	0.001	0.809	0.189
0.114	0.001	0.001	0.884
0.001	0.001	0.785	0.213
0.001	0.001	0.997	0.001
0.001	0.189	0.809	0.001
0.001	0.001	0.997	0.001
0.001	0.001	0.997	0.001
0.712	0.286	0.001	0.001
0.348	0.001	0.461	0.190
0.001	0.001	0.997	0.001
>GCTCTGAAGGGG	5-GCTCTGAAGGGG	12.355432	-6.409764	0	T:1.0(2.50%),B:2.2(0.00%),P:1e-2	Tpos:7.0,Tstd:0.0,Bpos:143.2,Bstd:15.0,StrandBias:10.0,Multiplicity:1.00
0.100	0.100	0.700	0.100
0.100	0.700	0.100	0.100
0.100	0.100	0.100	0.700
0.100	0.700	0.100	0.100
0.100	0.100	0.100	0.700
0.100	0.100	0.700	0.100
0.700	0.100	0.100	0.100
0.700	0.100	0.100	0.100
0.100	0.100	0.700	0.100
0.100	0.100	0.700	0.100
0.100	0.100	0.700	0.100
0.100	0.100	0.700	0.100
