>TAGGAGACGA	1-TAGGAGACGA	11.856817	-20.464829	0	T:5.0(12.50%),B:56.6(0.12%),P:1e-8	Tpos:102.2,Tstd:49.2,Bpos:101.1,Bstd:59.8,StrandBias:-0.6,Multiplicity:1.00
0.234	0.001	0.189	0.576
0.997	0.001	0.001	0.001
0.001	0.001	0.997	0.001
0.001	0.001	0.997	0.001
0.997	0.001	0.001	0.001
0.001	0.001	0.997	0.001
0.729	0.269	0.001	0.001
0.001	0.997	0.001	0.001
0.001	0.001	0.997	0.001
0.997	0.001	0.001	0.001
>TCGCGGCATG	2-TCGCGGCATG	11.940172	-19.575418	0	T:4.0(10.00%),B:21.5(0.04%),P:1e-8	Tpos:68.2,Tstd:62.7,Bpos:111.1,Bstd:74.5,StrandBias:1.6,Multiplicity:1.00
0.001	0.001	0.001	0.997
0.001	0.997	0.001	0.001
0.001	0.001	0.997	0.001
0.001	0.997	0.001	0.001
0.001	0.001	0.997	0.001
0.001	0.001	0.997	0.001
0.001	0.997	0.001	0.001
0.563	0.001	0.208	0.228
0.001	0.001	0.001	0.997
0.001	0.001	0.732	0.266
>CGCCAGGGAG	3-CGCCAGGGAG	11.149697	-18.155805	0	T:7.0(17.50%),B:342.4(0.70%),P:1e-7	Tpos:99.6,Tstd:55.6,Bpos:104.7,Bstd:61.3,StrandBias:-0.4,Multiplicity:1.00
0.114	0.884	0.001	0.001
0.001	0.210	0.788	0.001
0.001	0.997	0.001	0.001
0.001	0.997	0.001	0.001
0.997	0.001	0.001	0.001
0.001	0.188	0.810	0.001
0.001	0.001	0.785	0.213
0.152	0.001	0.846	0.001
0.997	0.001	0.001	0.001
0.001	0.001	0.997	0.001
>RACTTAAGGG	4-RACTTAAGGG	9.398462	-18.096458	0	T:7.0(17.50%),B:345.6(0.71%),P:1e-7	Tpos:85.9,Tstd:37.8,Bpos:100.0,Bstd:68.4,StrandBias:-1.6,Multiplicity:1.14
0.555	0.001	0.443	0.001
0.997	0.001	0.001	0.001
0.001	0.693	0.305	0.001
0.001	0.001	0.001	0.997
0.001	0.179	0.001	0.819
0.997	0.001	0.001	0.001
0.487	0.292	0.219	0.001
0.223	0.001	0.775	0.001
0.001	0.001	0.997	0.001
0.001	0.001	0.997	0.001
>CACGCCCATC	5-CACGCCCATC	7.233291	-9.831370	0	T:15.0(37.50%),B:6091.5(12.54%),P:1e-4	Tpos:102.5,Tstd:58.1,Bpos:98.5,Bstd:60.9,StrandBias:-0.1,Multiplicity:1.40
0.121	0.738	0.001	0.140
0.560	0.162	0.001	0.277
0.087	0.716	0.002	0.195
0.002	0.001	0.631	0.366
0.001	0.704	0.294	0.001
0.094	0.790	0.003	0.113
0.001	0.997	0.001	0.001
0.679	0.181	0.002	0.138
0.107	0.166	0.006	0.721
0.002	0.995	0.002	0.001
>TGGAGCCCTGTG	1-TGGAGCCCTGTG	14.334004	-21.488969	0	T:4.0(10.00%),B:13.8(0.03%),P:1e-9	Tpos:103.2,Tstd:53.0,Bpos:107.2,Bstd:51.4,StrandBias:1.6,Multiplicity:1.00
0.001	0.001	0.001	0.997
0.268	0.001	0.730	0.001
0.001	0.001	0.997	0.001
0.805	0.001	0.193	0.001
0.001	0.001	0.730	0.268
0.001	0.997	0.001	0.001
0.001	0.997	0.001	0.001
0.001	0.997	0.001	0.001
0.001	0.001	0.001	0.997
0.001	0.001	0.997	0.001
0.001	0.001	0.001	0.997
0.001	0.001	0.997	0.001
>ATCTGCAGAGGT	2-ATCTGCAGAGGT	12.783025	-16.911074	0	T:4.0(10.00%),B:41.5(0.09%),P:1e-7	Tpos:45.2,Tstd:26.8,Bpos:96.7,Bstd:48.8,StrandBias:0.0,Multiplicity:1.00
0.997	0.001	0.001	0.001
0.001	0.001	0.317	0.681
0.001	0.681	0.001	0.317
0.317	0.001	0.001	0.681
0.001	0.001	0.997	0.001
0.001	0.997	0.001	0.001
0.997	0.001	0.001	0.001
0.001	0.317	0.681	0.001
0.997	0.001	0.001	0.001
0.001	0.001	0.997	0.001
0.001	0.317	0.681	0.001
0.001	0.001	0.317	0.681
>AGTGAACTCAGT	3-AGTGAACTCAGT	9.531346	-16.354922	0	T:6.0(15.00%),B:261.7(0.54%),P:1e-7	Tpos:115.2,Tstd:59.6,Bpos:102.7,Bstd:63.5,StrandBias:2.3,Multiplicity:1.00
0.563	0.001	0.218	0.218
0.109	0.218	0.672	0.001
0.109	0.001	0.109	0.781
0.001	0.109	0.672	0.218
0.671	0.218	0.110	0.001
0.672	0.001	0.218	0.109
0.001	0.780	0.218	0.001
0.001	0.328	0.109	0.562
0.001	0.876	0.122	0.001
0.890	0.001	0.108	0.001
0.001	0.001	0.997	0.001
0.013	0.001	0.109	0.877
>KMGTGGGGGARG	4-KMGTGGGGGARG	11.608918	-16.092422	0	T:6.0(15.00%),B:273.6(0.56%),P:1e-6	Tpos:127.3,Tstd:42.2,Bpos:101.7,Bstd:63.9,StrandBias:0.0,Multiplicity:1.00
0.176	0.134	0.384	0.306
0.289	0.381	0.116	0.214
0.001	0.001	0.809	0.189
0.114	0.001	0.001	0.884
0.001	0.001	0.785	0.213
0.001	0.001	0.997	0.001
0.001	0.189	0.809	0.001
0.001	0.001	0.997	0.001
0.001	0.001	0.997	0.001
0.712	0.286	0.001	0.001
0.348	0.001	0.461	0.190
0.001	0.001	0.997	0.001
>GCTCTGAAGGGG	5-GCTCTGAAGGGG	12.355432	-6.409764	0	T:1.0(2.50%),B:2.2(0.00%),P:1e-2	Tpos:7.0,Tstd:0.0,Bpos:143.2,Bstd:15.0,StrandBias:10.0,Multiplicity:1.00
0.100	0.100	0.700	0.100
0.100	0.700	0.100	0.100
0.100	0.100	0.100	0.700
0.100	0.700	0.100	0.100
0.100	0.100	0.100	0.700
0.100	0.100	0.700	0.100
0.700	0.100	0.100	0.100
0.700	0.100	0.100	0.100
0.100	0.100	0.700	0.100
0.100	0.100	0.700	0.100
0.100	0.100	0.700	0.100
0.100	0.100	0.700	0.100
>TATGTTGA	1-TATGTTGA	6.294250	-14.141703	0	T:11.0(27.50%),B:2104.6(4.33%),P:1e-6	Tpos:95.1,Tstd:52.6,Bpos:97.5,Bstd:61.2,StrandBias:0.2,Multiplicity:1.18
0.093	0.001	0.001	0.905
0.909	0.089	0.001	0.001
0.001	0.001	0.122	0.876
0.001	0.001	0.917	0.081
0.001	0.123	0.125	0.751
0.001	0.001	0.114	0.884
0.118	0.001	0.880	0.001
0.997	0.001	0.001	0.001
>TGCCGGAA	2-TGCCGGAA	8.048136	-12.672906	0	T:9.0(22.50%),B:1513.3(3.12%),P:1e-5	Tpos:75.6,Tstd:53.5,Bpos:96.0,Bstd:61.4,StrandBias:-0.5,Multiplicity:1.33
0.001	0.001	0.199	0.799
0.001	0.001	0.997	0.001
0.001	0.871	0.127	0.001
0.055	0.778	0.099	0.068
0.001	0.001	0.997	0.001
0.001	0.001	0.997	0.001
0.810	0.001	0.188	0.001
0.863	0.135	0.001	0.001
>TTCGGGAC	3-TTCGGGAC	6.060066	-11.610224	0	T:13.0(32.50%),B:3917.7(8.06%),P:1e-5	Tpos:103.1,Tstd:40.1,Bpos:100.2,Bstd:64.1,StrandBias:1.3,Multiplicity:1.08
0.032	0.001	0.117	0.850
0.047	0.155	0.107	0.691
0.066	0.891	0.001	0.042
0.032	0.193	0.679	0.096
0.161	0.154	0.644	0.041
0.035	0.133	0.801	0.031
0.601	0.088	0.102	0.209
0.061	0.873	0.001	0.065
>GTTTTGCT	4-GTTTTGCT	8.769962	-8.879733	0	T:5.0(12.50%),B:607.3(1.25%),P:1e-3	Tpos:103.2,Tstd:47.6,Bpos:108.2,Bstd:63.8,StrandBias:2.3,Multiplicity:1.20
0.001	0.001	0.997	0.001
0.001	0.001	0.001	0.997
0.001	0.001	0.130	0.868
0.001	0.001	0.001	0.997
0.001	0.001	0.001	0.997
0.001	0.001	0.997	0.001
0.131	0.867	0.001	0.001
0.001	0.121	0.001	0.877
>GGAGACTA	5-GGAGACTA	7.966922	-8.423705	0	T:7.0(17.50%),B:1519.5(3.13%),P:1e-3	Tpos:72.9,Tstd:47.2,Bpos:101.5,Bstd:60.5,StrandBias:-0.7,Multiplicity:1.14
0.001	0.001	0.997	0.001
0.001	0.001	0.997	0.001
0.715	0.001	0.283	0.001
0.001	0.001	0.997	0.001
0.720	0.278	0.001	0.001
0.283	0.715	0.001	0.001
0.001	0.001	0.121	0.877
0.997	0.001	0.001	0.001
