>TATGTTGA	1-TATGTTGA	6.294250	-14.141703	0	T:11.0(27.50%),B:2104.6(4.33%),P:1e-6	Tpos:95.1,Tstd:52.6,Bpos:97.5,Bstd:61.2,StrandBias:0.2,Multiplicity:1.18
0.093	0.001	0.001	0.905
0.909	0.089	0.001	0.001
0.001	0.001	0.122	0.876
0.001	0.001	0.917	0.081
0.001	0.123	0.125	0.751
0.001	0.001	0.114	0.884
0.118	0.001	0.880	0.001
0.997	0.001	0.001	0.001
>TGCCGGAA	2-TGCCGGAA	8.048136	-12.672906	0	T:9.0(22.50%),B:1513.3(3.12%),P:1e-5	Tpos:75.6,Tstd:53.5,Bpos:96.0,Bstd:61.4,StrandBias:-0.5,Multiplicity:1.33
0.001	0.001	0.199	0.799
0.001	0.001	0.997	0.001
0.001	0.871	0.127	0.001
0.055	0.778	0.099	0.068
0.001	0.001	0.997	0.001
0.001	0.001	0.997	0.001
0.810	0.001	0.188	0.001
0.863	0.135	0.001	0.001
>TTCGGGAC	3-TTCGGGAC	6.060066	-11.610224	0	T:13.0(32.50%),B:3917.7(8.06%),P:1e-5	Tpos:103.1,Tstd:40.1,Bpos:100.2,Bstd:64.1,StrandBias:1.3,Multiplicity:1.08
0.032	0.001	0.117	0.850
0.047	0.155	0.107	0.691
0.066	0.891	0.001	0.042
0.032	0.193	0.679	0.096
0.161	0.154	0.644	0.041
0.035	0.133	0.801	0.031
0.601	0.088	0.102	0.209
0.061	0.873	0.001	0.065
>GTTTTGCT	4-GTTTTGCT	8.769962	-8.879733	0	T:5.0(12.50%),B:607.3(1.25%),P:1e-3	Tpos:103.2,Tstd:47.6,Bpos:108.2,Bstd:63.8,StrandBias:2.3,Multiplicity:1.20
0.001	0.001	0.997	0.001
0.001	0.001	0.001	0.997
0.001	0.001	0.130	0.868
0.001	0.001	0.001	0.997
0.001	0.001	0.001	0.997
0.001	0.001	0.997	0.001
0.131	0.867	0.001	0.001
0.001	0.121	0.001	0.877
>GGAGACTA	5-GGAGACTA	7.966922	-8.423705	0	T:7.0(17.50%),B:1519.5(3.13%),P:1e-3	Tpos:72.9,Tstd:47.2,Bpos:101.5,Bstd:60.5,StrandBias:-0.7,Multiplicity:1.14
0.001	0.001	0.997	0.001
0.001	0.001	0.997	0.001
0.715	0.001	0.283	0.001
0.001	0.001	0.997	0.001
0.720	0.278	0.001	0.001
0.283	0.715	0.001	0.001
0.001	0.001	0.121	0.877
0.997	0.001	0.001	0.001
