>TAGGAGACGA	1-TAGGAGACGA	11.856817	-20.464829	0	T:5.0(12.50%),B:56.6(0.12%),P:1e-8	Tpos:102.2,Tstd:49.2,Bpos:101.1,Bstd:59.8,StrandBias:-0.6,Multiplicity:1.00
0.234	0.001	0.189	0.576
0.997	0.001	0.001	0.001
0.001	0.001	0.997	0.001
0.001	0.001	0.997	0.001
0.997	0.001	0.001	0.001
0.001	0.001	0.997	0.001
0.729	0.269	0.001	0.001
0.001	0.997	0.001	0.001
0.001	0.001	0.997	0.001
0.997	0.001	0.001	0.001
>TCGCGGCATG	2-TCGCGGCATG	11.940172	-19.575418	0	T:4.0(10.00%),B:21.5(0.04%),P:1e-8	Tpos:68.2,Tstd:62.7,Bpos:111.1,Bstd:74.5,StrandBias:1.6,Multiplicity:1.00
0.001	0.001	0.001	0.997
0.001	0.997	0.001	0.001
0.001	0.001	0.997	0.001
0.001	0.997	0.001	0.001
0.001	0.001	0.997	0.001
0.001	0.001	0.997	0.001
0.001	0.997	0.001	0.001
0.563	0.001	0.208	0.228
0.001	0.001	0.001	0.997
0.001	0.001	0.732	0.266
>CGCCAGGGAG	3-CGCCAGGGAG	11.149697	-18.155805	0	T:7.0(17.50%),B:342.4(0.70%),P:1e-7	Tpos:99.6,Tstd:55.6,Bpos:104.7,Bstd:61.3,StrandBias:-0.4,Multiplicity:1.00
0.114	0.884	0.001	0.001
0.001	0.210	0.788	0.001
0.001	0.997	0.001	0.001
0.001	0.997	0.001	0.001
0.997	0.001	0.001	0.001
0.001	0.188	0.810	0.001
0.001	0.001	0.785	0.213
0.152	0.001	0.846	0.001
0.997	0.001	0.001	0.001
0.001	0.001	0.997	0.001
>RACTTAAGGG	4-RACTTAAGGG	9.398462	-18.096458	0	T:7.0(17.50%),B:345.6(0.71%),P:1e-7	Tpos:85.9,Tstd:37.8,Bpos:100.0,Bstd:68.4,StrandBias:-1.6,Multiplicity:1.14
0.555	0.001	0.443	0.001
0.997	0.001	0.001	0.001
0.001	0.693	0.305	0.001
0.001	0.001	0.001	0.997
0.001	0.179	0.001	0.819
0.997	0.001	0.001	0.001
0.487	0.292	0.219	0.001
0.223	0.001	0.775	0.001
0.001	0.001	0.997	0.001
0.001	0.001	0.997	0.001
>CACGCCCATC	5-CACGCCCATC	7.233291	-9.831370	0	T:15.0(37.50%),B:6091.5(12.54%),P:1e-4	Tpos:102.5,Tstd:58.1,Bpos:98.5,Bstd:60.9,StrandBias:-0.1,Multiplicity:1.40
0.121	0.738	0.001	0.140
0.560	0.162	0.001	0.277
0.087	0.716	0.002	0.195
0.002	0.001	0.631	0.366
0.001	0.704	0.294	0.001
0.094	0.790	0.003	0.113
0.001	0.997	0.001	0.001
0.679	0.181	0.002	0.138
0.107	0.166	0.006	0.721
0.002	0.995	0.002	0.001
