>YGATTGGYYR	1-YGATTGGYYR	6.603821	-854.485719	0	T:863.0(43.72%),B:3958.5(8.76%),P:1e-371	Tpos:100.0,Tstd:52.6,Bpos:80.5,Bstd:74.8,StrandBias:0.0,Multiplicity:1.62
0.047	0.418	0.131	0.404
0.085	0.236	0.455	0.223
0.933	0.001	0.065	0.001
0.001	0.050	0.016	0.933
0.043	0.001	0.001	0.955
0.001	0.001	0.997	0.001
0.015	0.002	0.982	0.001
0.183	0.313	0.132	0.372
0.067	0.332	0.177	0.423
0.247	0.200	0.378	0.175
>GHYCCGCCYH	2-GHYCCGCCYH	6.331655	-721.649586	0	T:1290.0(65.35%),B:11227.6(24.85%),P:1e-313	Tpos:99.8,Tstd:54.4,Bpos:89.1,Bstd:69.8,StrandBias:-0.1,Multiplicity:1.80
0.215	0.037	0.486	0.262
0.208	0.316	0.152	0.324
0.233	0.347	0.037	0.384
0.313	0.589	0.047	0.051
0.053	0.791	0.095	0.061
0.128	0.055	0.779	0.038
0.068	0.780	0.068	0.084
0.049	0.779	0.056	0.116
0.063	0.459	0.033	0.445
0.249	0.394	0.026	0.331
>CCCGCCYWCT	3-CCCGCCYWCT	6.921292	-529.151434	0	T:1171.0(59.32%),B:11236.2(24.87%),P:1e-229	Tpos:100.3,Tstd:56.4,Bpos:98.7,Bstd:68.5,StrandBias:0.1,Multiplicity:1.13
0.211	0.546	0.001	0.242
0.162	0.836	0.001	0.001
0.041	0.841	0.093	0.025
0.114	0.001	0.864	0.021
0.033	0.896	0.001	0.070
0.001	0.997	0.001	0.001
0.108	0.519	0.001	0.372
0.415	0.241	0.001	0.343
0.174	0.491	0.062	0.273
0.229	0.188	0.007	0.576
>VGCHMCRCCY	4-VGCHMCRCCY	7.349686	-522.993533	0	T:1009.0(51.11%),B:8498.1(18.81%),P:1e-227	Tpos:100.8,Tstd:54.5,Bpos:95.6,Bstd:66.3,StrandBias:-0.1,Multiplicity:1.09
0.285	0.339	0.348	0.028
0.103	0.080	0.745	0.072
0.039	0.540	0.039	0.382
0.246	0.335	0.035	0.384
0.412	0.520	0.018	0.050
0.044	0.835	0.078	0.043
0.379	0.031	0.385	0.205
0.053	0.844	0.043	0.060
0.055	0.849	0.075	0.021
0.043	0.495	0.055	0.407
>YGATTGGCTG	5-YGATTGGCTG	7.229056	-302.173826	0	T:366.0(18.54%),B:1799.4(3.98%),P:1e-131	Tpos:99.0,Tstd:56.6,Bpos:96.3,Bstd:67.6,StrandBias:-0.2,Multiplicity:1.12
0.011	0.495	0.091	0.404
0.214	0.104	0.570	0.112
0.620	0.095	0.270	0.015
0.053	0.092	0.091	0.764
0.285	0.043	0.010	0.662
0.034	0.042	0.923	0.001
0.203	0.001	0.795	0.001
0.001	0.585	0.064	0.350
0.316	0.001	0.024	0.659
0.001	0.001	0.928	0.070
>ACTACAATTC	6-ACTACAATTC	6.516878	-153.858968	0	T:168.0(8.51%),B:716.5(1.59%),P:1e-66	Tpos:103.7,Tstd:52.5,Bpos:86.4,Bstd:74.6,StrandBias:0.1,Multiplicity:1.26
0.997	0.001	0.001	0.001
0.001	0.997	0.001	0.001
0.019	0.010	0.001	0.970
0.974	0.001	0.010	0.015
0.001	0.997	0.001	0.001
0.952	0.027	0.011	0.010
0.798	0.063	0.028	0.111
0.069	0.291	0.038	0.602
0.020	0.104	0.013	0.863
0.001	0.989	0.001	0.009
>WCCGCCCTHT	7-WCCGCCCTHT	5.219055	-128.754573	0	T:674.0(34.14%),B:8599.7(19.03%),P:1e-55	Tpos:99.4,Tstd:56.3,Bpos:99.7,Bstd:66.2,StrandBias:0.2,Multiplicity:1.11
0.402	0.163	0.053	0.382
0.207	0.497	0.143	0.153
0.233	0.520	0.139	0.108
0.194	0.057	0.599	0.150
0.105	0.709	0.049	0.137
0.175	0.465	0.090	0.270
0.158	0.555	0.052	0.235
0.067	0.003	0.040	0.890
0.364	0.316	0.067	0.253
0.114	0.290	0.135	0.461
>ACTTCCGGBH	8-ACTTCCGGBH	7.525824	-119.576323	0	T:291.0(14.74%),B:2452.3(5.43%),P:1e-51	Tpos:100.5,Tstd:57.1,Bpos:93.1,Bstd:64.0,StrandBias:0.0,Multiplicity:1.10
0.508	0.079	0.177	0.236
0.001	0.707	0.064	0.228
0.233	0.020	0.001	0.746
0.141	0.040	0.087	0.732
0.001	0.997	0.001	0.001
0.041	0.957	0.001	0.001
0.001	0.001	0.944	0.054
0.001	0.167	0.730	0.102
0.144	0.265	0.263	0.328
0.277	0.269	0.119	0.336
>NGTSACGTSA	9-NGTSACGTSA	5.576583	-114.610181	0	T:390.0(19.76%),B:3999.3(8.85%),P:1e-49	Tpos:97.2,Tstd:53.1,Bpos:88.4,Bstd:69.4,StrandBias:-0.1,Multiplicity:1.13
0.279	0.261	0.229	0.231
0.204	0.241	0.412	0.143
0.112	0.155	0.004	0.729
0.093	0.343	0.388	0.177
0.648	0.010	0.341	0.001
0.001	0.885	0.085	0.029
0.001	0.001	0.997	0.001
0.060	0.240	0.135	0.565
0.173	0.364	0.285	0.179
0.493	0.165	0.152	0.189
>WGANTGACRN	10-WGANTGACRN	5.347578	-112.776726	0	T:227.0(11.50%),B:1675.6(3.71%),P:1e-48	Tpos:103.8,Tstd:53.7,Bpos:97.4,Bstd:71.4,StrandBias:-0.1,Multiplicity:1.05
0.262	0.196	0.175	0.366
0.213	0.131	0.632	0.024
0.589	0.263	0.123	0.025
0.212	0.243	0.199	0.346
0.259	0.110	0.221	0.410
0.019	0.194	0.771	0.016
0.638	0.021	0.316	0.025
0.164	0.682	0.132	0.022
0.281	0.204	0.366	0.149
0.230	0.208	0.324	0.237
>TGCGCATGCG	11-TGCGCATGCG	7.155296	-98.050562	0	T:336.0(17.02%),B:3433.8(7.60%),P:1e-42	Tpos:99.3,Tstd:56.6,Bpos:90.4,Bstd:68.6,StrandBias:0.0,Multiplicity:1.26
0.141	0.177	0.142	0.540
0.221	0.046	0.720	0.013
0.081	0.870	0.038	0.011
0.039	0.021	0.939	0.001
0.001	0.924	0.014	0.061
0.843	0.039	0.001	0.117
0.099	0.137	0.177	0.587
0.147	0.037	0.704	0.112
0.164	0.711	0.084	0.041
0.072	0.057	0.750	0.121
>CGATTGGCTA	12-CGATTGGCTA	7.556449	-77.268142	0	T:99.0(5.02%),B:498.7(1.10%),P:1e-33	Tpos:96.9,Tstd:57.2,Bpos:94.1,Bstd:74.8,StrandBias:0.6,Multiplicity:1.00
0.209	0.652	0.114	0.025
0.001	0.001	0.997	0.001
0.811	0.019	0.169	0.001
0.108	0.054	0.116	0.722
0.163	0.013	0.018	0.806
0.037	0.079	0.816	0.068
0.043	0.205	0.751	0.001
0.076	0.922	0.001	0.001
0.137	0.147	0.074	0.642
0.878	0.024	0.001	0.097
>TCATTGGCTG	13-TCATTGGCTG	7.862912	-69.210403	0	T:111.0(5.62%),B:684.0(1.51%),P:1e-30	Tpos:84.7,Tstd:55.4,Bpos:101.8,Bstd:63.3,StrandBias:0.8,Multiplicity:1.00
0.001	0.001	0.001	0.997
0.001	0.997	0.001	0.001
0.777	0.001	0.143	0.079
0.150	0.055	0.068	0.727
0.230	0.101	0.001	0.668
0.148	0.077	0.567	0.208
0.102	0.111	0.786	0.001
0.001	0.788	0.059	0.152
0.101	0.114	0.001	0.784
0.001	0.095	0.903	0.001
>CGCCTGCGCA	14-CGCCTGCGCA	7.591347	-55.921552	0	T:232.0(11.75%),B:2563.4(5.67%),P:1e-24	Tpos:94.4,Tstd:53.8,Bpos:98.2,Bstd:69.4,StrandBias:-0.1,Multiplicity:1.00
0.161	0.809	0.001	0.029
0.038	0.022	0.873	0.067
0.325	0.522	0.080	0.073
0.001	0.956	0.001	0.042
0.169	0.001	0.001	0.829
0.344	0.031	0.623	0.002
0.030	0.807	0.016	0.147
0.001	0.040	0.958	0.001
0.081	0.810	0.038	0.071
0.813	0.001	0.146	0.040
>CGACCAACCA	15-CGACCAACCA	7.090699	-54.777070	0	T:138.0(6.99%),B:1174.8(2.60%),P:1e-23	Tpos:104.6,Tstd:55.9,Bpos:103.6,Bstd:70.4,StrandBias:0.0,Multiplicity:1.03
0.067	0.769	0.104	0.060
0.080	0.067	0.770	0.083
0.847	0.063	0.048	0.042
0.079	0.773	0.125	0.023
0.052	0.847	0.049	0.052
0.763	0.061	0.059	0.117
0.793	0.085	0.059	0.063
0.038	0.814	0.086	0.062
0.018	0.889	0.047	0.046
0.743	0.103	0.104	0.050
>TTATTGGCTG	16-TTATTGGCTG	7.428850	-48.623125	0	T:120.0(6.08%),B:1010.0(2.24%),P:1e-21	Tpos:94.0,Tstd:55.5,Bpos:101.6,Bstd:62.4,StrandBias:0.4,Multiplicity:1.02
0.023	0.057	0.030	0.890
0.001	0.040	0.001	0.958
0.787	0.052	0.160	0.001
0.076	0.218	0.273	0.434
0.129	0.001	0.077	0.793
0.001	0.175	0.823	0.001
0.130	0.038	0.831	0.001
0.001	0.804	0.029	0.166
0.204	0.001	0.033	0.762
0.064	0.019	0.916	0.001
>AAGCGTAGTT	17-AAGCGTAGTT	6.606594	-44.614535	0	T:142.0(7.19%),B:1379.6(3.05%),P:1e-19	Tpos:102.9,Tstd:55.7,Bpos:100.5,Bstd:75.0,StrandBias:-0.5,Multiplicity:1.02
0.792	0.033	0.075	0.100
0.833	0.059	0.062	0.046
0.063	0.082	0.809	0.046
0.090	0.817	0.049	0.044
0.018	0.067	0.844	0.071
0.066	0.097	0.080	0.757
0.779	0.078	0.101	0.042
0.055	0.097	0.782	0.066
0.053	0.077	0.077	0.793
0.054	0.071	0.076	0.799
>SGTCTCGYGA	18-SGTCTCGYGA	7.675377	-44.483477	0	T:96.0(4.86%),B:742.1(1.64%),P:1e-19	Tpos:92.4,Tstd:51.6,Bpos:95.8,Bstd:72.0,StrandBias:-0.2,Multiplicity:1.07
0.242	0.420	0.336	0.001
0.209	0.061	0.729	0.001
0.096	0.081	0.001	0.822
0.001	0.997	0.001	0.001
0.039	0.133	0.107	0.721
0.001	0.801	0.197	0.001
0.168	0.001	0.510	0.321
0.029	0.452	0.001	0.518
0.130	0.001	0.868	0.001
0.997	0.001	0.001	0.001
>CTATTGGCTT	19-CTATTGGCTT	6.144326	-41.795677	0	T:73.0(3.70%),B:486.7(1.08%),P:1e-18	Tpos:109.2,Tstd:47.4,Bpos:98.6,Bstd:70.0,StrandBias:0.3,Multiplicity:1.00
0.262	0.496	0.236	0.006
0.305	0.178	0.006	0.511
0.562	0.180	0.168	0.090
0.147	0.306	0.021	0.526
0.011	0.146	0.294	0.549
0.304	0.198	0.493	0.005
0.184	0.222	0.586	0.008
0.011	0.578	0.205	0.206
0.214	0.254	0.019	0.513
0.010	0.335	0.015	0.640
>GGCAGGATAA	20-GGCAGGATAA	11.610278	-30.358244	0	T:12.0(0.61%),B:10.9(0.02%),P:1e-13	Tpos:97.5,Tstd:34.5,Bpos:115.5,Bstd:49.4,StrandBias:1.0,Multiplicity:1.00
0.001	0.001	0.997	0.001
0.001	0.001	0.890	0.108
0.001	0.997	0.001	0.001
0.997	0.001	0.001	0.001
0.001	0.001	0.997	0.001
0.001	0.001	0.997	0.001
0.997	0.001	0.001	0.001
0.001	0.001	0.001	0.997
0.997	0.001	0.001	0.001
0.997	0.001	0.001	0.001
>AGCCCGCCCA	21-AGCCCGCCCA	12.537619	-29.882753	0	T:47.0(2.38%),B:292.1(0.65%),P:1e-12	Tpos:109.6,Tstd:49.5,Bpos:91.9,Bstd:69.8,StrandBias:-0.5,Multiplicity:1.00
0.997	0.001	0.001	0.001
0.001	0.001	0.997	0.001
0.001	0.997	0.001	0.001
0.001	0.997	0.001	0.001
0.001	0.997	0.001	0.001
0.001	0.001	0.997	0.001
0.001	0.997	0.001	0.001
0.001	0.997	0.001	0.001
0.001	0.997	0.001	0.001
0.725	0.273	0.001	0.001
>CGMTACTGGA	22-CGMTACTGGA	10.803765	-27.643995	0	T:15.0(0.76%),B:25.7(0.06%),P:1e-12	Tpos:102.0,Tstd:50.5,Bpos:105.7,Bstd:83.5,StrandBias:1.0,Multiplicity:1.00
0.001	0.997	0.001	0.001
0.001	0.001	0.997	0.001
0.461	0.367	0.001	0.171
0.001	0.001	0.001	0.997
0.710	0.288	0.001	0.001
0.001	0.997	0.001	0.001
0.171	0.219	0.001	0.609
0.012	0.001	0.986	0.001
0.053	0.001	0.674	0.272
0.997	0.001	0.001	0.001
>GTAGCGTCCT	23-GTAGCGTCCT	9.942539	-25.771602	0	T:23.0(1.17%),B:82.4(0.18%),P:1e-11	Tpos:100.6,Tstd:52.2,Bpos:101.4,Bstd:70.1,StrandBias:0.8,Multiplicity:1.00
0.009	0.001	0.989	0.001
0.345	0.001	0.001	0.653
0.828	0.001	0.170	0.001
0.001	0.001	0.865	0.133
0.001	0.997	0.001	0.001
0.001	0.001	0.997	0.001
0.001	0.001	0.001	0.997
0.001	0.700	0.298	0.001
0.170	0.659	0.170	0.001
0.388	0.001	0.001	0.610
>GGGATTCGTA	24-GGGATTCGTA	12.664719	-17.052786	0	T:5.0(0.25%),B:2.9(0.01%),P:1e-7	Tpos:117.0,Tstd:62.6,Bpos:174.8,Bstd:4.5,StrandBias:0.6,Multiplicity:1.00
0.001	0.001	0.997	0.001
0.001	0.001	0.997	0.001
0.001	0.001	0.997	0.001
0.997	0.001	0.001	0.001
0.001	0.001	0.001	0.997
0.310	0.001	0.001	0.688
0.001	0.997	0.001	0.001
0.001	0.001	0.997	0.001
0.001	0.001	0.001	0.997
0.997	0.001	0.001	0.001
>GACAGGTCTT	25-GACAGGTCTT	10.296193	-14.843868	0	T:6.0(0.30%),B:6.7(0.01%),P:1e-6	Tpos:131.5,Tstd:63.5,Bpos:139.7,Bstd:52.2,StrandBias:2.3,Multiplicity:1.00
0.100	0.100	0.700	0.100
0.700	0.100	0.100	0.100
0.100	0.700	0.100	0.100
0.700	0.100	0.100	0.100
0.100	0.100	0.700	0.100
0.100	0.100	0.700	0.100
0.100	0.100	0.100	0.700
0.100	0.700	0.100	0.100
0.100	0.100	0.100	0.700
0.100	0.100	0.100	0.700
>BCYSATTGGYYV	1-BCYSATTGGYYV	6.540275	-874.856911	0	T:831.0(42.10%),B:3516.2(7.78%),P:1e-379	Tpos:98.6,Tstd:51.8,Bpos:79.4,Bstd:74.0,StrandBias:0.0,Multiplicity:1.56
0.137	0.243	0.247	0.372
0.091	0.450	0.231	0.228
0.001	0.419	0.088	0.492
0.043	0.318	0.429	0.210
0.997	0.001	0.001	0.001
0.001	0.001	0.001	0.997
0.001	0.001	0.001	0.997
0.001	0.001	0.997	0.001
0.001	0.001	0.997	0.001
0.113	0.472	0.082	0.333
0.016	0.421	0.075	0.488
0.308	0.208	0.341	0.143
>DDDGGGCGGGGC	2-DDDGGGCGGGGC	7.487074	-764.979005	0	T:1105.0(55.98%),B:7720.1(17.09%),P:1e-332	Tpos:99.3,Tstd:53.4,Bpos:86.1,Bstd:67.8,StrandBias:0.1,Multiplicity:1.59
0.356	0.185	0.252	0.207
0.296	0.156	0.339	0.208
0.332	0.014	0.351	0.303
0.376	0.036	0.528	0.060
0.088	0.043	0.837	0.032
0.051	0.068	0.850	0.031
0.097	0.817	0.022	0.064
0.060	0.052	0.847	0.041
0.067	0.057	0.679	0.197
0.266	0.050	0.479	0.206
0.263	0.243	0.424	0.071
0.200	0.483	0.078	0.239
>BHRGCCCCGCCC	3-BHRGCCCCGCCC	8.208321	-529.872206	0	T:1036.0(52.48%),B:8867.8(19.63%),P:1e-230	Tpos:102.9,Tstd:55.0,Bpos:94.7,Bstd:65.0,StrandBias:-0.1,Multiplicity:1.16
0.104	0.330	0.229	0.337
0.342	0.226	0.097	0.335
0.349	0.208	0.442	0.001
0.001	0.001	0.959	0.039
0.248	0.464	0.134	0.155
0.168	0.566	0.001	0.265
0.267	0.720	0.012	0.001
0.001	0.997	0.001	0.001
0.207	0.001	0.611	0.181
0.001	0.997	0.001	0.001
0.001	0.997	0.001	0.001
0.001	0.697	0.001	0.301
>VTGATTGGCTGV	4-VTGATTGGCTGV	5.729441	-520.915372	0	T:840.0(42.55%),B:5947.4(13.16%),P:1e-226	Tpos:102.1,Tstd:56.7,Bpos:98.9,Bstd:69.9,StrandBias:0.3,Multiplicity:1.07
0.281	0.324	0.321	0.074
0.091	0.203	0.224	0.481
0.121	0.052	0.724	0.103
0.824	0.001	0.115	0.060
0.030	0.051	0.001	0.918
0.102	0.009	0.009	0.880
0.035	0.069	0.863	0.033
0.035	0.009	0.947	0.009
0.116	0.594	0.033	0.257
0.152	0.207	0.125	0.516
0.112	0.241	0.483	0.164
0.240	0.228	0.366	0.166
>BCAGCCAATSVS	5-BCAGCCAATSVS	9.200992	-237.822650	0	T:236.0(11.96%),B:910.3(2.01%),P:1e-103	Tpos:100.2,Tstd:57.1,Bpos:96.9,Bstd:71.3,StrandBias:0.1,Multiplicity:1.08
0.032	0.394	0.295	0.279
0.001	0.877	0.121	0.001
0.653	0.225	0.001	0.121
0.001	0.001	0.981	0.017
0.001	0.997	0.001	0.001
0.001	0.981	0.017	0.001
0.719	0.001	0.001	0.279
0.788	0.055	0.001	0.156
0.049	0.237	0.001	0.713
0.001	0.451	0.530	0.018
0.251	0.316	0.360	0.073
0.089	0.352	0.451	0.107
>ACTACAATTCCC	6-ACTACAATTCCC	9.551105	-173.196687	0	T:167.0(8.46%),B:616.2(1.36%),P:1e-75	Tpos:107.6,Tstd:51.0,Bpos:78.4,Bstd:70.6,StrandBias:-0.1,Multiplicity:1.35
0.952	0.046	0.001	0.001
0.013	0.978	0.001	0.008
0.014	0.099	0.014	0.873
0.819	0.093	0.027	0.061
0.001	0.985	0.001	0.013
0.806	0.084	0.069	0.041
0.585	0.176	0.050	0.189
0.130	0.302	0.107	0.461
0.055	0.173	0.014	0.758
0.024	0.951	0.001	0.024
0.001	0.958	0.001	0.040
0.124	0.874	0.001	0.001
>AAAGGGGCGGGA	7-AAAGGGGCGGGA	9.749077	-115.923281	0	T:186.0(9.42%),B:1149.7(2.54%),P:1e-50	Tpos:97.5,Tstd:55.8,Bpos:99.1,Bstd:66.1,StrandBias:-0.2,Multiplicity:1.02
0.789	0.075	0.119	0.017
0.830	0.037	0.083	0.050
0.726	0.076	0.148	0.050
0.087	0.033	0.863	0.017
0.059	0.044	0.896	0.001
0.041	0.001	0.947	0.011
0.013	0.144	0.817	0.026
0.089	0.713	0.033	0.165
0.072	0.066	0.856	0.006
0.033	0.001	0.950	0.016
0.050	0.001	0.899	0.050
0.719	0.156	0.067	0.058
>CCAATCAGAGGC	8-CCAATCAGAGGC	7.669221	-114.209078	0	T:277.0(14.03%),B:2325.1(5.15%),P:1e-49	Tpos:98.7,Tstd:54.3,Bpos:98.1,Bstd:65.0,StrandBias:-0.5,Multiplicity:1.07
0.062	0.830	0.062	0.046
0.069	0.771	0.097	0.063
0.728	0.084	0.079	0.109
0.613	0.186	0.128	0.073
0.104	0.149	0.099	0.648
0.031	0.774	0.122	0.073
0.734	0.118	0.107	0.041
0.026	0.073	0.844	0.057
0.691	0.121	0.094	0.094
0.093	0.052	0.818	0.037
0.067	0.136	0.718	0.079
0.033	0.831	0.068	0.068
>GCGCATGCGCAG	9-GCGCATGCGCAG	8.627196	-95.924724	0	T:264.0(13.37%),B:2384.3(5.28%),P:1e-41	Tpos:98.4,Tstd:56.7,Bpos:88.8,Bstd:64.6,StrandBias:-0.1,Multiplicity:1.17
0.069	0.043	0.869	0.019
0.093	0.855	0.028	0.024
0.064	0.024	0.879	0.033
0.036	0.925	0.016	0.023
0.693	0.165	0.083	0.059
0.063	0.092	0.100	0.745
0.010	0.015	0.956	0.019
0.007	0.926	0.038	0.029
0.017	0.042	0.843	0.098
0.009	0.909	0.024	0.058
0.767	0.052	0.079	0.102
0.127	0.120	0.636	0.117
>GGGCGGAGTYRS	10-GGGCGGAGTYRS	10.877501	-65.803839	0	T:70.0(3.55%),B:291.7(0.65%),P:1e-28	Tpos:107.0,Tstd:49.5,Bpos:91.8,Bstd:66.0,StrandBias:0.1,Multiplicity:1.02
0.345	0.001	0.653	0.001
0.001	0.001	0.997	0.001
0.001	0.001	0.997	0.001
0.118	0.740	0.001	0.141
0.001	0.001	0.997	0.001
0.001	0.001	0.997	0.001
0.741	0.001	0.054	0.204
0.073	0.001	0.925	0.001
0.001	0.001	0.001	0.997
0.001	0.469	0.001	0.529
0.403	0.001	0.382	0.213
0.149	0.352	0.498	0.001
>CGATTGGBTBCY	11-CGATTGGBTBCY	5.321327	-65.084318	0	T:116.0(5.88%),B:778.8(1.72%),P:1e-28	Tpos:96.6,Tstd:57.0,Bpos:102.4,Bstd:73.7,StrandBias:-0.4,Multiplicity:1.05
0.001	0.997	0.001	0.001
0.001	0.001	0.997	0.001
0.849	0.001	0.001	0.149
0.359	0.001	0.001	0.639
0.179	0.001	0.001	0.819
0.001	0.001	0.838	0.160
0.001	0.001	0.997	0.001
0.001	0.400	0.329	0.270
0.239	0.001	0.001	0.759
0.001	0.270	0.419	0.310
0.089	0.909	0.001	0.001
0.180	0.310	0.090	0.420
>GVGTCACGTGRS	12-GVGTCACGTGRS	7.556906	-57.231725	0	T:188.0(9.52%),B:1856.3(4.11%),P:1e-24	Tpos:96.8,Tstd:51.5,Bpos:84.6,Bstd:68.6,StrandBias:-0.1,Multiplicity:1.06
0.214	0.259	0.413	0.113
0.270	0.383	0.270	0.077
0.129	0.053	0.807	0.011
0.066	0.113	0.028	0.793
0.023	0.635	0.319	0.023
0.859	0.001	0.106	0.034
0.020	0.924	0.001	0.055
0.086	0.025	0.877	0.012
0.011	0.133	0.001	0.855
0.107	0.258	0.572	0.063
0.411	0.232	0.287	0.069
0.084	0.444	0.375	0.097
>TTGATTGACAGG	13-TTGATTGACAGG	8.718794	-50.968449	0	T:60.0(3.04%),B:280.3(0.62%),P:1e-22	Tpos:98.0,Tstd:56.3,Bpos:95.5,Bstd:67.3,StrandBias:-0.2,Multiplicity:1.06
0.090	0.089	0.163	0.658
0.097	0.001	0.032	0.870
0.001	0.001	0.966	0.032
0.966	0.032	0.001	0.001
0.098	0.123	0.130	0.649
0.001	0.130	0.099	0.770
0.065	0.033	0.869	0.033
0.804	0.065	0.098	0.033
0.001	0.934	0.001	0.064
0.944	0.001	0.001	0.054
0.130	0.001	0.835	0.034
0.065	0.098	0.739	0.098
>CACTTCCGGTTT	14-CACTTCCGGTTT	9.396260	-50.817234	0	T:84.0(4.26%),B:533.4(1.18%),P:1e-22	Tpos:103.8,Tstd:53.5,Bpos:88.9,Bstd:54.5,StrandBias:-0.2,Multiplicity:1.01
0.123	0.824	0.052	0.001
0.753	0.064	0.102	0.081
0.001	0.878	0.043	0.078
0.013	0.042	0.001	0.944
0.021	0.102	0.043	0.834
0.001	0.978	0.001	0.020
0.042	0.941	0.016	0.001
0.021	0.001	0.914	0.064
0.021	0.089	0.847	0.043
0.043	0.137	0.166	0.654
0.064	0.167	0.091	0.678
0.032	0.141	0.069	0.758
>NATCTCGCCWGT	15-NATCTCGCCWGT	3.960488	-48.955903	0	T:619.0(31.36%),B:9951.6(22.02%),P:1e-21	Tpos:99.2,Tstd:56.6,Bpos:101.3,Bstd:69.7,StrandBias:0.2,Multiplicity:1.14
0.242	0.266	0.250	0.242
0.475	0.246	0.267	0.012
0.010	0.043	0.008	0.939
0.245	0.497	0.011	0.248
0.251	0.033	0.239	0.477
0.009	0.977	0.009	0.005
0.006	0.001	0.980	0.013
0.248	0.734	0.009	0.009
0.245	0.721	0.010	0.024
0.473	0.002	0.001	0.524
0.260	0.015	0.485	0.240
0.245	0.018	0.252	0.485
>GAAGCGTCCAGG	16-GAAGCGTCCAGG	12.355432	-41.035353	0	T:9.0(0.46%),B:0.6(0.00%),P:1e-17	Tpos:72.9,Tstd:36.1,Bpos:12.0,Bstd:0.0,StrandBias:1.8,Multiplicity:1.00
0.100	0.100	0.700	0.100
0.700	0.100	0.100	0.100
0.700	0.100	0.100	0.100
0.100	0.100	0.700	0.100
0.100	0.700	0.100	0.100
0.100	0.100	0.700	0.100
0.100	0.100	0.100	0.700
0.100	0.700	0.100	0.100
0.100	0.700	0.100	0.100
0.700	0.100	0.100	0.100
0.100	0.100	0.700	0.100
0.100	0.100	0.700	0.100
>CCAATGAGAAGG	17-CCAATGAGAAGG	9.576050	-40.860751	0	T:63.0(3.19%),B:380.3(0.84%),P:1e-17	Tpos:115.7,Tstd:60.2,Bpos:100.1,Bstd:57.2,StrandBias:0.2,Multiplicity:1.00
0.069	0.724	0.069	0.138
0.069	0.885	0.045	0.001
0.885	0.001	0.001	0.113
0.815	0.001	0.183	0.001
0.029	0.078	0.265	0.628
0.001	0.001	0.997	0.001
0.902	0.069	0.028	0.001
0.143	0.069	0.787	0.001
0.783	0.078	0.138	0.001
0.861	0.069	0.001	0.069
0.035	0.001	0.895	0.069
0.069	0.138	0.724	0.069
>GCGATCCTGGAA	18-GCGATCCTGGAA	13.998551	-39.581591	0	T:10.0(0.51%),B:2.3(0.01%),P:1e-17	Tpos:75.0,Tstd:42.9,Bpos:78.7,Bstd:46.1,StrandBias:0.6,Multiplicity:1.00
0.001	0.089	0.909	0.001
0.001	0.909	0.001	0.089
0.001	0.001	0.997	0.001
0.997	0.001	0.001	0.001
0.089	0.001	0.001	0.909
0.001	0.997	0.001	0.001
0.001	0.997	0.001	0.001
0.001	0.001	0.001	0.997
0.001	0.001	0.997	0.001
0.001	0.001	0.997	0.001
0.997	0.001	0.001	0.001
0.997	0.001	0.001	0.001
>CAGGATAAGATT	19-CAGGATAAGATT	10.931400	-36.966485	0	T:15.0(0.76%),B:13.7(0.03%),P:1e-16	Tpos:86.1,Tstd:44.5,Bpos:136.3,Bstd:58.3,StrandBias:0.2,Multiplicity:1.00
0.001	0.987	0.011	0.001
0.627	0.001	0.371	0.001
0.001	0.001	0.997	0.001
0.239	0.001	0.759	0.001
0.759	0.120	0.120	0.001
0.001	0.119	0.001	0.879
0.625	0.135	0.120	0.120
0.977	0.011	0.011	0.001
0.119	0.001	0.879	0.001
0.759	0.001	0.120	0.120
0.001	0.001	0.035	0.963
0.120	0.120	0.012	0.748
>CTCCACCAATCA	20-CTCCACCAATCA	13.928251	-33.759631	0	T:13.0(0.66%),B:10.4(0.02%),P:1e-14	Tpos:105.6,Tstd:57.6,Bpos:54.7,Bstd:12.7,StrandBias:-0.3,Multiplicity:1.00
0.146	0.852	0.001	0.001
0.001	0.001	0.001	0.997
0.001	0.997	0.001	0.001
0.001	0.852	0.001	0.146
0.852	0.001	0.001	0.146
0.001	0.852	0.001	0.146
0.001	0.997	0.001	0.001
0.997	0.001	0.001	0.001
0.997	0.001	0.001	0.001
0.001	0.115	0.001	0.883
0.001	0.997	0.001	0.001
0.852	0.146	0.001	0.001
>ATAGGCGGAAAG	21-ATAGGCGGAAAG	13.821142	-30.488659	0	T:7.0(0.35%),B:0.0(0.00%),P:1e-13	Tpos:105.7,Tstd:36.6,Bpos:0.0,Bstd:0.0,StrandBias:1.3,Multiplicity:1.00
0.559	0.147	0.147	0.147
0.001	0.001	0.115	0.883
0.997	0.001	0.001	0.001
0.001	0.001	0.997	0.001
0.001	0.001	0.997	0.001
0.001	0.997	0.001	0.001
0.001	0.001	0.852	0.146
0.001	0.001	0.997	0.001
0.997	0.001	0.001	0.001
0.852	0.001	0.146	0.001
0.997	0.001	0.001	0.001
0.001	0.001	0.997	0.001
>CTAACGCCCACC	22-CTAACGCCCACC	9.862956	-29.412114	0	T:11.0(0.56%),B:8.1(0.02%),P:1e-12	Tpos:107.5,Tstd:36.5,Bpos:93.4,Bstd:46.1,StrandBias:-0.8,Multiplicity:1.00
0.001	0.997	0.001	0.001
0.001	0.001	0.001	0.997
0.997	0.001	0.001	0.001
0.997	0.001	0.001	0.001
0.001	0.818	0.001	0.180
0.001	0.001	0.997	0.001
0.001	0.997	0.001	0.001
0.001	0.971	0.001	0.027
0.001	0.997	0.001	0.001
0.756	0.001	0.242	0.001
0.001	0.997	0.001	0.001
0.001	0.997	0.001	0.001
>TAAGGCTAGGCC	23-TAAGGCTAGGCC	14.042917	-26.706794	0	T:9.0(0.46%),B:5.2(0.01%),P:1e-11	Tpos:93.4,Tstd:52.5,Bpos:141.8,Bstd:30.7,StrandBias:0.3,Multiplicity:1.00
0.001	0.001	0.001	0.997
0.832	0.001	0.166	0.001
0.832	0.166	0.001	0.001
0.001	0.001	0.997	0.001
0.001	0.001	0.997	0.001
0.166	0.832	0.001	0.001
0.166	0.166	0.001	0.667
0.997	0.001	0.001	0.001
0.001	0.001	0.997	0.001
0.001	0.001	0.997	0.001
0.001	0.997	0.001	0.001
0.001	0.997	0.001	0.001
>CCAGGAGACAGG	24-CCAGGAGACAGG	12.355432	-22.874466	0	T:7.0(0.35%),B:3.8(0.01%),P:1e-9	Tpos:113.3,Tstd:68.1,Bpos:85.6,Bstd:23.7,StrandBias:1.3,Multiplicity:1.00
0.100	0.700	0.100	0.100
0.100	0.700	0.100	0.100
0.700	0.100	0.100	0.100
0.100	0.100	0.700	0.100
0.100	0.100	0.700	0.100
0.700	0.100	0.100	0.100
0.100	0.100	0.700	0.100
0.700	0.100	0.100	0.100
0.100	0.700	0.100	0.100
0.700	0.100	0.100	0.100
0.100	0.100	0.700	0.100
0.100	0.100	0.700	0.100
>GGGATACGTAGT	25-GGGATACGTAGT	10.409522	-18.721128	0	T:12.0(0.61%),B:28.2(0.06%),P:1e-8	Tpos:102.2,Tstd:52.7,Bpos:24.0,Bstd:0.0,StrandBias:1.0,Multiplicity:1.00
0.100	0.100	0.700	0.100
0.100	0.100	0.700	0.100
0.100	0.100	0.700	0.100
0.700	0.100	0.100	0.100
0.100	0.100	0.100	0.700
0.700	0.100	0.100	0.100
0.100	0.700	0.100	0.100
0.100	0.100	0.700	0.100
0.100	0.100	0.100	0.700
0.700	0.100	0.100	0.100
0.100	0.100	0.700	0.100
0.100	0.100	0.100	0.700
>RCCAATSR	1-RCCAATSR	5.937911	-765.923294	0	T:892.0(45.19%),B:4802.2(10.63%),P:1e-332	Tpos:99.5,Tstd:52.8,Bpos:83.5,Bstd:75.9,StrandBias:-0.0,Multiplicity:1.66
0.364	0.054	0.492	0.091
0.001	0.941	0.004	0.054
0.011	0.985	0.001	0.003
0.916	0.015	0.003	0.066
0.966	0.001	0.032	0.001
0.001	0.036	0.001	0.962
0.188	0.366	0.395	0.051
0.371	0.114	0.498	0.018
>GGGGCGGW	2-GGGGCGGW	4.029268	-521.311752	0	T:1534.0(77.71%),B:19062.4(42.19%),P:1e-226	Tpos:98.6,Tstd:55.9,Bpos:96.0,Bstd:70.1,StrandBias:-0.1,Multiplicity:1.47
0.354	0.001	0.507	0.138
0.342	0.001	0.656	0.001
0.001	0.001	0.997	0.001
0.001	0.001	0.997	0.001
0.001	0.997	0.001	0.001
0.001	0.001	0.997	0.001
0.001	0.001	0.925	0.073
0.429	0.001	0.252	0.318
>GCCCCGCC	3-GCCCCGCC	5.680170	-444.682800	0	T:1225.0(62.06%),B:13417.3(29.69%),P:1e-193	Tpos:100.0,Tstd:55.3,Bpos:92.4,Bstd:70.6,StrandBias:-0.0,Multiplicity:1.73
0.059	0.001	0.939	0.001
0.001	0.876	0.001	0.122
0.046	0.803	0.001	0.150
0.094	0.904	0.001	0.001
0.001	0.997	0.001	0.001
0.051	0.001	0.947	0.001
0.001	0.997	0.001	0.001
0.001	0.997	0.001	0.001
>GCCAATCA	4-GCCAATCA	6.552847	-330.797969	0	T:533.0(27.00%),B:3509.1(7.77%),P:1e-143	Tpos:101.7,Tstd:54.0,Bpos:97.3,Bstd:66.4,StrandBias:-0.1,Multiplicity:1.12
0.001	0.077	0.921	0.001
0.001	0.811	0.001	0.187
0.001	0.997	0.001	0.001
0.639	0.001	0.001	0.359
0.815	0.001	0.183	0.001
0.023	0.115	0.003	0.859
0.001	0.903	0.095	0.001
0.687	0.145	0.005	0.163
>ATTGGACG	5-ATTGGACG	7.577611	-204.727908	0	T:265.0(13.42%),B:1365.0(3.02%),P:1e-88	Tpos:101.8,Tstd:51.6,Bpos:97.4,Bstd:78.1,StrandBias:0.2,Multiplicity:1.08
0.997	0.001	0.001	0.001
0.134	0.001	0.001	0.864
0.018	0.001	0.026	0.955
0.001	0.001	0.976	0.022
0.010	0.012	0.977	0.001
0.690	0.064	0.090	0.156
0.183	0.707	0.100	0.010
0.128	0.031	0.840	0.001
>TGATTGGT	6-TGATTGGT	8.382850	-166.234178	0	T:162.0(8.21%),B:605.2(1.34%),P:1e-72	Tpos:100.0,Tstd:63.0,Bpos:93.2,Bstd:68.2,StrandBias:-0.4,Multiplicity:1.04
0.317	0.001	0.001	0.681
0.028	0.001	0.970	0.001
0.744	0.001	0.254	0.001
0.001	0.298	0.001	0.700
0.223	0.001	0.001	0.775
0.097	0.022	0.880	0.001
0.001	0.007	0.991	0.001
0.001	0.001	0.001	0.997
>CCGGAAGT	7-CCGGAAGT	6.584305	-131.692239	0	T:432.0(21.88%),B:4377.4(9.69%),P:1e-57	Tpos:97.8,Tstd:57.0,Bpos:93.4,Bstd:66.6,StrandBias:-0.0,Multiplicity:1.19
0.035	0.834	0.109	0.022
0.001	0.973	0.025	0.001
0.001	0.001	0.997	0.001
0.001	0.008	0.986	0.005
0.948	0.001	0.022	0.029
0.879	0.001	0.001	0.119
0.092	0.025	0.882	0.001
0.142	0.096	0.029	0.733
>TTGTAGTC	8-TTGTAGTC	6.843127	-108.965751	0	T:156.0(7.90%),B:871.3(1.93%),P:1e-47	Tpos:107.9,Tstd:52.5,Bpos:95.6,Bstd:80.1,StrandBias:-0.1,Multiplicity:1.24
0.161	0.020	0.098	0.721
0.001	0.064	0.029	0.906
0.001	0.001	0.997	0.001
0.016	0.001	0.001	0.982
0.959	0.001	0.023	0.017
0.001	0.001	0.997	0.001
0.001	0.001	0.001	0.997
0.001	0.733	0.001	0.265
>MCGTSACG	9-MCGTSACG	6.180029	-104.296940	0	T:352.0(17.83%),B:3577.9(7.92%),P:1e-45	Tpos:99.4,Tstd:54.5,Bpos:90.4,Bstd:69.7,StrandBias:0.0,Multiplicity:1.17
0.370	0.245	0.218	0.167
0.222	0.593	0.001	0.184
0.001	0.001	0.997	0.001
0.001	0.001	0.001	0.997
0.065	0.458	0.435	0.042
0.929	0.001	0.001	0.069
0.001	0.925	0.001	0.073
0.135	0.099	0.605	0.161
>TGCGYAAT	10-TGCGYAAT	5.277780	-93.726236	0	T:473.0(23.96%),B:5795.8(12.83%),P:1e-40	Tpos:100.1,Tstd:55.0,Bpos:98.8,Bstd:74.0,StrandBias:0.0,Multiplicity:1.12
0.179	0.090	0.051	0.680
0.305	0.001	0.693	0.001
0.011	0.945	0.001	0.043
0.001	0.093	0.905	0.001
0.001	0.563	0.001	0.435
0.891	0.064	0.001	0.044
0.576	0.174	0.217	0.033
0.132	0.154	0.110	0.604
>ATTACGTC	11-ATTACGTC	5.683548	-65.486345	0	T:216.0(10.94%),B:2140.8(4.74%),P:1e-28	Tpos:101.2,Tstd:53.1,Bpos:96.5,Bstd:74.4,StrandBias:-0.2,Multiplicity:1.02
0.540	0.174	0.177	0.109
0.047	0.053	0.049	0.851
0.125	0.079	0.205	0.591
0.818	0.107	0.035	0.040
0.035	0.904	0.032	0.029
0.053	0.096	0.788	0.063
0.064	0.115	0.056	0.765
0.053	0.752	0.119	0.076
>GCGCATGC	12-GCGCATGC	7.741408	-59.911394	0	T:340.0(17.22%),B:4284.5(9.48%),P:1e-26	Tpos:100.2,Tstd:57.8,Bpos:93.1,Bstd:66.4,StrandBias:0.1,Multiplicity:1.20
0.116	0.014	0.856	0.014
0.076	0.915	0.001	0.008
0.020	0.001	0.978	0.001
0.021	0.975	0.001	0.003
0.805	0.134	0.001	0.060
0.081	0.001	0.127	0.791
0.022	0.001	0.976	0.001
0.001	0.911	0.011	0.077
>GGGAGGAG	13-GGGAGGAG	7.993300	-39.830640	0	T:312.0(15.81%),B:4351.1(9.63%),P:1e-17	Tpos:101.6,Tstd:52.6,Bpos:97.2,Bstd:63.4,StrandBias:0.0,Multiplicity:1.09
0.001	0.001	0.997	0.001
0.001	0.001	0.997	0.001
0.001	0.001	0.997	0.001
0.742	0.001	0.001	0.256
0.001	0.001	0.997	0.001
0.001	0.001	0.936	0.062
0.997	0.001	0.001	0.001
0.001	0.001	0.997	0.001
>TCGCGATA	14-TCGCGATA	5.936710	-39.579199	0	T:182.0(9.22%),B:2097.0(4.64%),P:1e-17	Tpos:97.9,Tstd:59.2,Bpos:97.3,Bstd:76.8,StrandBias:0.1,Multiplicity:1.11
0.100	0.039	0.104	0.757
0.038	0.828	0.072	0.062
0.097	0.068	0.772	0.063
0.059	0.838	0.056	0.047
0.090	0.090	0.780	0.040
0.710	0.114	0.061	0.115
0.108	0.073	0.283	0.536
0.788	0.056	0.090	0.066
>CGCTCTMW	15-CGCTCTMW	9.354541	-30.722192	0	T:60.0(3.04%),B:438.8(0.97%),P:1e-13	Tpos:103.3,Tstd:59.6,Bpos:94.0,Bstd:67.3,StrandBias:-0.1,Multiplicity:1.00
0.001	0.997	0.001	0.001
0.001	0.001	0.997	0.001
0.001	0.997	0.001	0.001
0.001	0.001	0.001	0.997
0.001	0.997	0.001	0.001
0.001	0.001	0.001	0.997
0.489	0.419	0.001	0.090
0.468	0.001	0.164	0.367
>TGCTGGGA	16-TGCTGGGA	8.236091	-28.957428	0	T:182.0(9.22%),B:2360.0(5.22%),P:1e-12	Tpos:102.4,Tstd:54.9,Bpos:96.6,Bstd:64.4,StrandBias:-0.2,Multiplicity:1.15
0.001	0.001	0.001	0.997
0.001	0.001	0.585	0.413
0.001	0.997	0.001	0.001
0.001	0.142	0.001	0.856
0.001	0.001	0.997	0.001
0.001	0.001	0.997	0.001
0.001	0.001	0.997	0.001
0.997	0.001	0.001	0.001
>GTAGTCTT	17-GTAGTCTT	9.360064	-27.931533	0	T:34.0(1.72%),B:169.4(0.38%),P:1e-12	Tpos:88.9,Tstd:48.6,Bpos:97.0,Bstd:77.3,StrandBias:-0.4,Multiplicity:1.00
0.001	0.001	0.997	0.001
0.001	0.001	0.001	0.997
0.997	0.001	0.001	0.001
0.001	0.001	0.997	0.001
0.001	0.001	0.001	0.997
0.001	0.817	0.001	0.181
0.001	0.001	0.001	0.997
0.001	0.001	0.001	0.997
>GTGGKAGG	18-GTGGKAGG	8.000567	-26.500063	0	T:303.0(15.35%),B:4665.2(10.32%),P:1e-11	Tpos:105.4,Tstd:52.2,Bpos:98.1,Bstd:62.3,StrandBias:0.2,Multiplicity:1.09
0.361	0.001	0.637	0.001
0.300	0.001	0.017	0.682
0.005	0.001	0.735	0.259
0.059	0.001	0.939	0.001
0.138	0.007	0.480	0.375
0.992	0.001	0.001	0.006
0.001	0.015	0.978	0.006
0.016	0.005	0.925	0.054
