>RCCAATSR	1-RCCAATSR	5.937911	-765.923294	0	T:892.0(45.19%),B:4802.2(10.63%),P:1e-332	Tpos:99.5,Tstd:52.8,Bpos:83.5,Bstd:75.9,StrandBias:-0.0,Multiplicity:1.66
0.364	0.054	0.492	0.091
0.001	0.941	0.004	0.054
0.011	0.985	0.001	0.003
0.916	0.015	0.003	0.066
0.966	0.001	0.032	0.001
0.001	0.036	0.001	0.962
0.188	0.366	0.395	0.051
0.371	0.114	0.498	0.018
>GGGGCGGW	2-GGGGCGGW	4.029268	-521.311752	0	T:1534.0(77.71%),B:19062.4(42.19%),P:1e-226	Tpos:98.6,Tstd:55.9,Bpos:96.0,Bstd:70.1,StrandBias:-0.1,Multiplicity:1.47
0.354	0.001	0.507	0.138
0.342	0.001	0.656	0.001
0.001	0.001	0.997	0.001
0.001	0.001	0.997	0.001
0.001	0.997	0.001	0.001
0.001	0.001	0.997	0.001
0.001	0.001	0.925	0.073
0.429	0.001	0.252	0.318
>GCCCCGCC	3-GCCCCGCC	5.680170	-444.682800	0	T:1225.0(62.06%),B:13417.3(29.69%),P:1e-193	Tpos:100.0,Tstd:55.3,Bpos:92.4,Bstd:70.6,StrandBias:-0.0,Multiplicity:1.73
0.059	0.001	0.939	0.001
0.001	0.876	0.001	0.122
0.046	0.803	0.001	0.150
0.094	0.904	0.001	0.001
0.001	0.997	0.001	0.001
0.051	0.001	0.947	0.001
0.001	0.997	0.001	0.001
0.001	0.997	0.001	0.001
>GCCAATCA	4-GCCAATCA	6.552847	-330.797969	0	T:533.0(27.00%),B:3509.1(7.77%),P:1e-143	Tpos:101.7,Tstd:54.0,Bpos:97.3,Bstd:66.4,StrandBias:-0.1,Multiplicity:1.12
0.001	0.077	0.921	0.001
0.001	0.811	0.001	0.187
0.001	0.997	0.001	0.001
0.639	0.001	0.001	0.359
0.815	0.001	0.183	0.001
0.023	0.115	0.003	0.859
0.001	0.903	0.095	0.001
0.687	0.145	0.005	0.163
>ATTGGACG	5-ATTGGACG	7.577611	-204.727908	0	T:265.0(13.42%),B:1365.0(3.02%),P:1e-88	Tpos:101.8,Tstd:51.6,Bpos:97.4,Bstd:78.1,StrandBias:0.2,Multiplicity:1.08
0.997	0.001	0.001	0.001
0.134	0.001	0.001	0.864
0.018	0.001	0.026	0.955
0.001	0.001	0.976	0.022
0.010	0.012	0.977	0.001
0.690	0.064	0.090	0.156
0.183	0.707	0.100	0.010
0.128	0.031	0.840	0.001
>TGATTGGT	6-TGATTGGT	8.382850	-166.234178	0	T:162.0(8.21%),B:605.2(1.34%),P:1e-72	Tpos:100.0,Tstd:63.0,Bpos:93.2,Bstd:68.2,StrandBias:-0.4,Multiplicity:1.04
0.317	0.001	0.001	0.681
0.028	0.001	0.970	0.001
0.744	0.001	0.254	0.001
0.001	0.298	0.001	0.700
0.223	0.001	0.001	0.775
0.097	0.022	0.880	0.001
0.001	0.007	0.991	0.001
0.001	0.001	0.001	0.997
>CCGGAAGT	7-CCGGAAGT	6.584305	-131.692239	0	T:432.0(21.88%),B:4377.4(9.69%),P:1e-57	Tpos:97.8,Tstd:57.0,Bpos:93.4,Bstd:66.6,StrandBias:-0.0,Multiplicity:1.19
0.035	0.834	0.109	0.022
0.001	0.973	0.025	0.001
0.001	0.001	0.997	0.001
0.001	0.008	0.986	0.005
0.948	0.001	0.022	0.029
0.879	0.001	0.001	0.119
0.092	0.025	0.882	0.001
0.142	0.096	0.029	0.733
>TTGTAGTC	8-TTGTAGTC	6.843127	-108.965751	0	T:156.0(7.90%),B:871.3(1.93%),P:1e-47	Tpos:107.9,Tstd:52.5,Bpos:95.6,Bstd:80.1,StrandBias:-0.1,Multiplicity:1.24
0.161	0.020	0.098	0.721
0.001	0.064	0.029	0.906
0.001	0.001	0.997	0.001
0.016	0.001	0.001	0.982
0.959	0.001	0.023	0.017
0.001	0.001	0.997	0.001
0.001	0.001	0.001	0.997
0.001	0.733	0.001	0.265
>MCGTSACG	9-MCGTSACG	6.180029	-104.296940	0	T:352.0(17.83%),B:3577.9(7.92%),P:1e-45	Tpos:99.4,Tstd:54.5,Bpos:90.4,Bstd:69.7,StrandBias:0.0,Multiplicity:1.17
0.370	0.245	0.218	0.167
0.222	0.593	0.001	0.184
0.001	0.001	0.997	0.001
0.001	0.001	0.001	0.997
0.065	0.458	0.435	0.042
0.929	0.001	0.001	0.069
0.001	0.925	0.001	0.073
0.135	0.099	0.605	0.161
>TGCGYAAT	10-TGCGYAAT	5.277780	-93.726236	0	T:473.0(23.96%),B:5795.8(12.83%),P:1e-40	Tpos:100.1,Tstd:55.0,Bpos:98.8,Bstd:74.0,StrandBias:0.0,Multiplicity:1.12
0.179	0.090	0.051	0.680
0.305	0.001	0.693	0.001
0.011	0.945	0.001	0.043
0.001	0.093	0.905	0.001
0.001	0.563	0.001	0.435
0.891	0.064	0.001	0.044
0.576	0.174	0.217	0.033
0.132	0.154	0.110	0.604
>ATTACGTC	11-ATTACGTC	5.683548	-65.486345	0	T:216.0(10.94%),B:2140.8(4.74%),P:1e-28	Tpos:101.2,Tstd:53.1,Bpos:96.5,Bstd:74.4,StrandBias:-0.2,Multiplicity:1.02
0.540	0.174	0.177	0.109
0.047	0.053	0.049	0.851
0.125	0.079	0.205	0.591
0.818	0.107	0.035	0.040
0.035	0.904	0.032	0.029
0.053	0.096	0.788	0.063
0.064	0.115	0.056	0.765
0.053	0.752	0.119	0.076
>GCGCATGC	12-GCGCATGC	7.741408	-59.911394	0	T:340.0(17.22%),B:4284.5(9.48%),P:1e-26	Tpos:100.2,Tstd:57.8,Bpos:93.1,Bstd:66.4,StrandBias:0.1,Multiplicity:1.20
0.116	0.014	0.856	0.014
0.076	0.915	0.001	0.008
0.020	0.001	0.978	0.001
0.021	0.975	0.001	0.003
0.805	0.134	0.001	0.060
0.081	0.001	0.127	0.791
0.022	0.001	0.976	0.001
0.001	0.911	0.011	0.077
>GGGAGGAG	13-GGGAGGAG	7.993300	-39.830640	0	T:312.0(15.81%),B:4351.1(9.63%),P:1e-17	Tpos:101.6,Tstd:52.6,Bpos:97.2,Bstd:63.4,StrandBias:0.0,Multiplicity:1.09
0.001	0.001	0.997	0.001
0.001	0.001	0.997	0.001
0.001	0.001	0.997	0.001
0.742	0.001	0.001	0.256
0.001	0.001	0.997	0.001
0.001	0.001	0.936	0.062
0.997	0.001	0.001	0.001
0.001	0.001	0.997	0.001
>TCGCGATA	14-TCGCGATA	5.936710	-39.579199	0	T:182.0(9.22%),B:2097.0(4.64%),P:1e-17	Tpos:97.9,Tstd:59.2,Bpos:97.3,Bstd:76.8,StrandBias:0.1,Multiplicity:1.11
0.100	0.039	0.104	0.757
0.038	0.828	0.072	0.062
0.097	0.068	0.772	0.063
0.059	0.838	0.056	0.047
0.090	0.090	0.780	0.040
0.710	0.114	0.061	0.115
0.108	0.073	0.283	0.536
0.788	0.056	0.090	0.066
>CGCTCTMW	15-CGCTCTMW	9.354541	-30.722192	0	T:60.0(3.04%),B:438.8(0.97%),P:1e-13	Tpos:103.3,Tstd:59.6,Bpos:94.0,Bstd:67.3,StrandBias:-0.1,Multiplicity:1.00
0.001	0.997	0.001	0.001
0.001	0.001	0.997	0.001
0.001	0.997	0.001	0.001
0.001	0.001	0.001	0.997
0.001	0.997	0.001	0.001
0.001	0.001	0.001	0.997
0.489	0.419	0.001	0.090
0.468	0.001	0.164	0.367
>TGCTGGGA	16-TGCTGGGA	8.236091	-28.957428	0	T:182.0(9.22%),B:2360.0(5.22%),P:1e-12	Tpos:102.4,Tstd:54.9,Bpos:96.6,Bstd:64.4,StrandBias:-0.2,Multiplicity:1.15
0.001	0.001	0.001	0.997
0.001	0.001	0.585	0.413
0.001	0.997	0.001	0.001
0.001	0.142	0.001	0.856
0.001	0.001	0.997	0.001
0.001	0.001	0.997	0.001
0.001	0.001	0.997	0.001
0.997	0.001	0.001	0.001
>GTAGTCTT	17-GTAGTCTT	9.360064	-27.931533	0	T:34.0(1.72%),B:169.4(0.38%),P:1e-12	Tpos:88.9,Tstd:48.6,Bpos:97.0,Bstd:77.3,StrandBias:-0.4,Multiplicity:1.00
0.001	0.001	0.997	0.001
0.001	0.001	0.001	0.997
0.997	0.001	0.001	0.001
0.001	0.001	0.997	0.001
0.001	0.001	0.001	0.997
0.001	0.817	0.001	0.181
0.001	0.001	0.001	0.997
0.001	0.001	0.001	0.997
>GTGGKAGG	18-GTGGKAGG	8.000567	-26.500063	0	T:303.0(15.35%),B:4665.2(10.32%),P:1e-11	Tpos:105.4,Tstd:52.2,Bpos:98.1,Bstd:62.3,StrandBias:0.2,Multiplicity:1.09
0.361	0.001	0.637	0.001
0.300	0.001	0.017	0.682
0.005	0.001	0.735	0.259
0.059	0.001	0.939	0.001
0.138	0.007	0.480	0.375
0.992	0.001	0.001	0.006
0.001	0.015	0.978	0.006
0.016	0.005	0.925	0.054
