>YGATTGGYYR	1-YGATTGGYYR	6.603821	-854.485719	0	T:863.0(43.72%),B:3958.5(8.76%),P:1e-371	Tpos:100.0,Tstd:52.6,Bpos:80.5,Bstd:74.8,StrandBias:0.0,Multiplicity:1.62
0.047	0.418	0.131	0.404
0.085	0.236	0.455	0.223
0.933	0.001	0.065	0.001
0.001	0.050	0.016	0.933
0.043	0.001	0.001	0.955
0.001	0.001	0.997	0.001
0.015	0.002	0.982	0.001
0.183	0.313	0.132	0.372
0.067	0.332	0.177	0.423
0.247	0.200	0.378	0.175
>GHYCCGCCYH	2-GHYCCGCCYH	6.331655	-721.649586	0	T:1290.0(65.35%),B:11227.6(24.85%),P:1e-313	Tpos:99.8,Tstd:54.4,Bpos:89.1,Bstd:69.8,StrandBias:-0.1,Multiplicity:1.80
0.215	0.037	0.486	0.262
0.208	0.316	0.152	0.324
0.233	0.347	0.037	0.384
0.313	0.589	0.047	0.051
0.053	0.791	0.095	0.061
0.128	0.055	0.779	0.038
0.068	0.780	0.068	0.084
0.049	0.779	0.056	0.116
0.063	0.459	0.033	0.445
0.249	0.394	0.026	0.331
>CCCGCCYWCT	3-CCCGCCYWCT	6.921292	-529.151434	0	T:1171.0(59.32%),B:11236.2(24.87%),P:1e-229	Tpos:100.3,Tstd:56.4,Bpos:98.7,Bstd:68.5,StrandBias:0.1,Multiplicity:1.13
0.211	0.546	0.001	0.242
0.162	0.836	0.001	0.001
0.041	0.841	0.093	0.025
0.114	0.001	0.864	0.021
0.033	0.896	0.001	0.070
0.001	0.997	0.001	0.001
0.108	0.519	0.001	0.372
0.415	0.241	0.001	0.343
0.174	0.491	0.062	0.273
0.229	0.188	0.007	0.576
>VGCHMCRCCY	4-VGCHMCRCCY	7.349686	-522.993533	0	T:1009.0(51.11%),B:8498.1(18.81%),P:1e-227	Tpos:100.8,Tstd:54.5,Bpos:95.6,Bstd:66.3,StrandBias:-0.1,Multiplicity:1.09
0.285	0.339	0.348	0.028
0.103	0.080	0.745	0.072
0.039	0.540	0.039	0.382
0.246	0.335	0.035	0.384
0.412	0.520	0.018	0.050
0.044	0.835	0.078	0.043
0.379	0.031	0.385	0.205
0.053	0.844	0.043	0.060
0.055	0.849	0.075	0.021
0.043	0.495	0.055	0.407
>YGATTGGCTG	5-YGATTGGCTG	7.229056	-302.173826	0	T:366.0(18.54%),B:1799.4(3.98%),P:1e-131	Tpos:99.0,Tstd:56.6,Bpos:96.3,Bstd:67.6,StrandBias:-0.2,Multiplicity:1.12
0.011	0.495	0.091	0.404
0.214	0.104	0.570	0.112
0.620	0.095	0.270	0.015
0.053	0.092	0.091	0.764
0.285	0.043	0.010	0.662
0.034	0.042	0.923	0.001
0.203	0.001	0.795	0.001
0.001	0.585	0.064	0.350
0.316	0.001	0.024	0.659
0.001	0.001	0.928	0.070
>ACTACAATTC	6-ACTACAATTC	6.516878	-153.858968	0	T:168.0(8.51%),B:716.5(1.59%),P:1e-66	Tpos:103.7,Tstd:52.5,Bpos:86.4,Bstd:74.6,StrandBias:0.1,Multiplicity:1.26
0.997	0.001	0.001	0.001
0.001	0.997	0.001	0.001
0.019	0.010	0.001	0.970
0.974	0.001	0.010	0.015
0.001	0.997	0.001	0.001
0.952	0.027	0.011	0.010
0.798	0.063	0.028	0.111
0.069	0.291	0.038	0.602
0.020	0.104	0.013	0.863
0.001	0.989	0.001	0.009
>WCCGCCCTHT	7-WCCGCCCTHT	5.219055	-128.754573	0	T:674.0(34.14%),B:8599.7(19.03%),P:1e-55	Tpos:99.4,Tstd:56.3,Bpos:99.7,Bstd:66.2,StrandBias:0.2,Multiplicity:1.11
0.402	0.163	0.053	0.382
0.207	0.497	0.143	0.153
0.233	0.520	0.139	0.108
0.194	0.057	0.599	0.150
0.105	0.709	0.049	0.137
0.175	0.465	0.090	0.270
0.158	0.555	0.052	0.235
0.067	0.003	0.040	0.890
0.364	0.316	0.067	0.253
0.114	0.290	0.135	0.461
>ACTTCCGGBH	8-ACTTCCGGBH	7.525824	-119.576323	0	T:291.0(14.74%),B:2452.3(5.43%),P:1e-51	Tpos:100.5,Tstd:57.1,Bpos:93.1,Bstd:64.0,StrandBias:0.0,Multiplicity:1.10
0.508	0.079	0.177	0.236
0.001	0.707	0.064	0.228
0.233	0.020	0.001	0.746
0.141	0.040	0.087	0.732
0.001	0.997	0.001	0.001
0.041	0.957	0.001	0.001
0.001	0.001	0.944	0.054
0.001	0.167	0.730	0.102
0.144	0.265	0.263	0.328
0.277	0.269	0.119	0.336
>NGTSACGTSA	9-NGTSACGTSA	5.576583	-114.610181	0	T:390.0(19.76%),B:3999.3(8.85%),P:1e-49	Tpos:97.2,Tstd:53.1,Bpos:88.4,Bstd:69.4,StrandBias:-0.1,Multiplicity:1.13
0.279	0.261	0.229	0.231
0.204	0.241	0.412	0.143
0.112	0.155	0.004	0.729
0.093	0.343	0.388	0.177
0.648	0.010	0.341	0.001
0.001	0.885	0.085	0.029
0.001	0.001	0.997	0.001
0.060	0.240	0.135	0.565
0.173	0.364	0.285	0.179
0.493	0.165	0.152	0.189
>WGANTGACRN	10-WGANTGACRN	5.347578	-112.776726	0	T:227.0(11.50%),B:1675.6(3.71%),P:1e-48	Tpos:103.8,Tstd:53.7,Bpos:97.4,Bstd:71.4,StrandBias:-0.1,Multiplicity:1.05
0.262	0.196	0.175	0.366
0.213	0.131	0.632	0.024
0.589	0.263	0.123	0.025
0.212	0.243	0.199	0.346
0.259	0.110	0.221	0.410
0.019	0.194	0.771	0.016
0.638	0.021	0.316	0.025
0.164	0.682	0.132	0.022
0.281	0.204	0.366	0.149
0.230	0.208	0.324	0.237
>TGCGCATGCG	11-TGCGCATGCG	7.155296	-98.050562	0	T:336.0(17.02%),B:3433.8(7.60%),P:1e-42	Tpos:99.3,Tstd:56.6,Bpos:90.4,Bstd:68.6,StrandBias:0.0,Multiplicity:1.26
0.141	0.177	0.142	0.540
0.221	0.046	0.720	0.013
0.081	0.870	0.038	0.011
0.039	0.021	0.939	0.001
0.001	0.924	0.014	0.061
0.843	0.039	0.001	0.117
0.099	0.137	0.177	0.587
0.147	0.037	0.704	0.112
0.164	0.711	0.084	0.041
0.072	0.057	0.750	0.121
>CGATTGGCTA	12-CGATTGGCTA	7.556449	-77.268142	0	T:99.0(5.02%),B:498.7(1.10%),P:1e-33	Tpos:96.9,Tstd:57.2,Bpos:94.1,Bstd:74.8,StrandBias:0.6,Multiplicity:1.00
0.209	0.652	0.114	0.025
0.001	0.001	0.997	0.001
0.811	0.019	0.169	0.001
0.108	0.054	0.116	0.722
0.163	0.013	0.018	0.806
0.037	0.079	0.816	0.068
0.043	0.205	0.751	0.001
0.076	0.922	0.001	0.001
0.137	0.147	0.074	0.642
0.878	0.024	0.001	0.097
>TCATTGGCTG	13-TCATTGGCTG	7.862912	-69.210403	0	T:111.0(5.62%),B:684.0(1.51%),P:1e-30	Tpos:84.7,Tstd:55.4,Bpos:101.8,Bstd:63.3,StrandBias:0.8,Multiplicity:1.00
0.001	0.001	0.001	0.997
0.001	0.997	0.001	0.001
0.777	0.001	0.143	0.079
0.150	0.055	0.068	0.727
0.230	0.101	0.001	0.668
0.148	0.077	0.567	0.208
0.102	0.111	0.786	0.001
0.001	0.788	0.059	0.152
0.101	0.114	0.001	0.784
0.001	0.095	0.903	0.001
>CGCCTGCGCA	14-CGCCTGCGCA	7.591347	-55.921552	0	T:232.0(11.75%),B:2563.4(5.67%),P:1e-24	Tpos:94.4,Tstd:53.8,Bpos:98.2,Bstd:69.4,StrandBias:-0.1,Multiplicity:1.00
0.161	0.809	0.001	0.029
0.038	0.022	0.873	0.067
0.325	0.522	0.080	0.073
0.001	0.956	0.001	0.042
0.169	0.001	0.001	0.829
0.344	0.031	0.623	0.002
0.030	0.807	0.016	0.147
0.001	0.040	0.958	0.001
0.081	0.810	0.038	0.071
0.813	0.001	0.146	0.040
>CGACCAACCA	15-CGACCAACCA	7.090699	-54.777070	0	T:138.0(6.99%),B:1174.8(2.60%),P:1e-23	Tpos:104.6,Tstd:55.9,Bpos:103.6,Bstd:70.4,StrandBias:0.0,Multiplicity:1.03
0.067	0.769	0.104	0.060
0.080	0.067	0.770	0.083
0.847	0.063	0.048	0.042
0.079	0.773	0.125	0.023
0.052	0.847	0.049	0.052
0.763	0.061	0.059	0.117
0.793	0.085	0.059	0.063
0.038	0.814	0.086	0.062
0.018	0.889	0.047	0.046
0.743	0.103	0.104	0.050
>TTATTGGCTG	16-TTATTGGCTG	7.428850	-48.623125	0	T:120.0(6.08%),B:1010.0(2.24%),P:1e-21	Tpos:94.0,Tstd:55.5,Bpos:101.6,Bstd:62.4,StrandBias:0.4,Multiplicity:1.02
0.023	0.057	0.030	0.890
0.001	0.040	0.001	0.958
0.787	0.052	0.160	0.001
0.076	0.218	0.273	0.434
0.129	0.001	0.077	0.793
0.001	0.175	0.823	0.001
0.130	0.038	0.831	0.001
0.001	0.804	0.029	0.166
0.204	0.001	0.033	0.762
0.064	0.019	0.916	0.001
>AAGCGTAGTT	17-AAGCGTAGTT	6.606594	-44.614535	0	T:142.0(7.19%),B:1379.6(3.05%),P:1e-19	Tpos:102.9,Tstd:55.7,Bpos:100.5,Bstd:75.0,StrandBias:-0.5,Multiplicity:1.02
0.792	0.033	0.075	0.100
0.833	0.059	0.062	0.046
0.063	0.082	0.809	0.046
0.090	0.817	0.049	0.044
0.018	0.067	0.844	0.071
0.066	0.097	0.080	0.757
0.779	0.078	0.101	0.042
0.055	0.097	0.782	0.066
0.053	0.077	0.077	0.793
0.054	0.071	0.076	0.799
>SGTCTCGYGA	18-SGTCTCGYGA	7.675377	-44.483477	0	T:96.0(4.86%),B:742.1(1.64%),P:1e-19	Tpos:92.4,Tstd:51.6,Bpos:95.8,Bstd:72.0,StrandBias:-0.2,Multiplicity:1.07
0.242	0.420	0.336	0.001
0.209	0.061	0.729	0.001
0.096	0.081	0.001	0.822
0.001	0.997	0.001	0.001
0.039	0.133	0.107	0.721
0.001	0.801	0.197	0.001
0.168	0.001	0.510	0.321
0.029	0.452	0.001	0.518
0.130	0.001	0.868	0.001
0.997	0.001	0.001	0.001
>CTATTGGCTT	19-CTATTGGCTT	6.144326	-41.795677	0	T:73.0(3.70%),B:486.7(1.08%),P:1e-18	Tpos:109.2,Tstd:47.4,Bpos:98.6,Bstd:70.0,StrandBias:0.3,Multiplicity:1.00
0.262	0.496	0.236	0.006
0.305	0.178	0.006	0.511
0.562	0.180	0.168	0.090
0.147	0.306	0.021	0.526
0.011	0.146	0.294	0.549
0.304	0.198	0.493	0.005
0.184	0.222	0.586	0.008
0.011	0.578	0.205	0.206
0.214	0.254	0.019	0.513
0.010	0.335	0.015	0.640
>GGCAGGATAA	20-GGCAGGATAA	11.610278	-30.358244	0	T:12.0(0.61%),B:10.9(0.02%),P:1e-13	Tpos:97.5,Tstd:34.5,Bpos:115.5,Bstd:49.4,StrandBias:1.0,Multiplicity:1.00
0.001	0.001	0.997	0.001
0.001	0.001	0.890	0.108
0.001	0.997	0.001	0.001
0.997	0.001	0.001	0.001
0.001	0.001	0.997	0.001
0.001	0.001	0.997	0.001
0.997	0.001	0.001	0.001
0.001	0.001	0.001	0.997
0.997	0.001	0.001	0.001
0.997	0.001	0.001	0.001
>AGCCCGCCCA	21-AGCCCGCCCA	12.537619	-29.882753	0	T:47.0(2.38%),B:292.1(0.65%),P:1e-12	Tpos:109.6,Tstd:49.5,Bpos:91.9,Bstd:69.8,StrandBias:-0.5,Multiplicity:1.00
0.997	0.001	0.001	0.001
0.001	0.001	0.997	0.001
0.001	0.997	0.001	0.001
0.001	0.997	0.001	0.001
0.001	0.997	0.001	0.001
0.001	0.001	0.997	0.001
0.001	0.997	0.001	0.001
0.001	0.997	0.001	0.001
0.001	0.997	0.001	0.001
0.725	0.273	0.001	0.001
>CGMTACTGGA	22-CGMTACTGGA	10.803765	-27.643995	0	T:15.0(0.76%),B:25.7(0.06%),P:1e-12	Tpos:102.0,Tstd:50.5,Bpos:105.7,Bstd:83.5,StrandBias:1.0,Multiplicity:1.00
0.001	0.997	0.001	0.001
0.001	0.001	0.997	0.001
0.461	0.367	0.001	0.171
0.001	0.001	0.001	0.997
0.710	0.288	0.001	0.001
0.001	0.997	0.001	0.001
0.171	0.219	0.001	0.609
0.012	0.001	0.986	0.001
0.053	0.001	0.674	0.272
0.997	0.001	0.001	0.001
>GTAGCGTCCT	23-GTAGCGTCCT	9.942539	-25.771602	0	T:23.0(1.17%),B:82.4(0.18%),P:1e-11	Tpos:100.6,Tstd:52.2,Bpos:101.4,Bstd:70.1,StrandBias:0.8,Multiplicity:1.00
0.009	0.001	0.989	0.001
0.345	0.001	0.001	0.653
0.828	0.001	0.170	0.001
0.001	0.001	0.865	0.133
0.001	0.997	0.001	0.001
0.001	0.001	0.997	0.001
0.001	0.001	0.001	0.997
0.001	0.700	0.298	0.001
0.170	0.659	0.170	0.001
0.388	0.001	0.001	0.610
>GGGATTCGTA	24-GGGATTCGTA	12.664719	-17.052786	0	T:5.0(0.25%),B:2.9(0.01%),P:1e-7	Tpos:117.0,Tstd:62.6,Bpos:174.8,Bstd:4.5,StrandBias:0.6,Multiplicity:1.00
0.001	0.001	0.997	0.001
0.001	0.001	0.997	0.001
0.001	0.001	0.997	0.001
0.997	0.001	0.001	0.001
0.001	0.001	0.001	0.997
0.310	0.001	0.001	0.688
0.001	0.997	0.001	0.001
0.001	0.001	0.997	0.001
0.001	0.001	0.001	0.997
0.997	0.001	0.001	0.001
>GACAGGTCTT	25-GACAGGTCTT	10.296193	-14.843868	0	T:6.0(0.30%),B:6.7(0.01%),P:1e-6	Tpos:131.5,Tstd:63.5,Bpos:139.7,Bstd:52.2,StrandBias:2.3,Multiplicity:1.00
0.100	0.100	0.700	0.100
0.700	0.100	0.100	0.100
0.100	0.700	0.100	0.100
0.700	0.100	0.100	0.100
0.100	0.100	0.700	0.100
0.100	0.100	0.700	0.100
0.100	0.100	0.100	0.700
0.100	0.700	0.100	0.100
0.100	0.100	0.100	0.700
0.100	0.100	0.100	0.700
