>BCYSATTGGYYV	1-BCYSATTGGYYV	6.540275	-874.856911	0	T:831.0(42.10%),B:3516.2(7.78%),P:1e-379	Tpos:98.6,Tstd:51.8,Bpos:79.4,Bstd:74.0,StrandBias:0.0,Multiplicity:1.56
0.137	0.243	0.247	0.372
0.091	0.450	0.231	0.228
0.001	0.419	0.088	0.492
0.043	0.318	0.429	0.210
0.997	0.001	0.001	0.001
0.001	0.001	0.001	0.997
0.001	0.001	0.001	0.997
0.001	0.001	0.997	0.001
0.001	0.001	0.997	0.001
0.113	0.472	0.082	0.333
0.016	0.421	0.075	0.488
0.308	0.208	0.341	0.143
>DDDGGGCGGGGC	2-DDDGGGCGGGGC	7.487074	-764.979005	0	T:1105.0(55.98%),B:7720.1(17.09%),P:1e-332	Tpos:99.3,Tstd:53.4,Bpos:86.1,Bstd:67.8,StrandBias:0.1,Multiplicity:1.59
0.356	0.185	0.252	0.207
0.296	0.156	0.339	0.208
0.332	0.014	0.351	0.303
0.376	0.036	0.528	0.060
0.088	0.043	0.837	0.032
0.051	0.068	0.850	0.031
0.097	0.817	0.022	0.064
0.060	0.052	0.847	0.041
0.067	0.057	0.679	0.197
0.266	0.050	0.479	0.206
0.263	0.243	0.424	0.071
0.200	0.483	0.078	0.239
>BHRGCCCCGCCC	3-BHRGCCCCGCCC	8.208321	-529.872206	0	T:1036.0(52.48%),B:8867.8(19.63%),P:1e-230	Tpos:102.9,Tstd:55.0,Bpos:94.7,Bstd:65.0,StrandBias:-0.1,Multiplicity:1.16
0.104	0.330	0.229	0.337
0.342	0.226	0.097	0.335
0.349	0.208	0.442	0.001
0.001	0.001	0.959	0.039
0.248	0.464	0.134	0.155
0.168	0.566	0.001	0.265
0.267	0.720	0.012	0.001
0.001	0.997	0.001	0.001
0.207	0.001	0.611	0.181
0.001	0.997	0.001	0.001
0.001	0.997	0.001	0.001
0.001	0.697	0.001	0.301
>VTGATTGGCTGV	4-VTGATTGGCTGV	5.729441	-520.915372	0	T:840.0(42.55%),B:5947.4(13.16%),P:1e-226	Tpos:102.1,Tstd:56.7,Bpos:98.9,Bstd:69.9,StrandBias:0.3,Multiplicity:1.07
0.281	0.324	0.321	0.074
0.091	0.203	0.224	0.481
0.121	0.052	0.724	0.103
0.824	0.001	0.115	0.060
0.030	0.051	0.001	0.918
0.102	0.009	0.009	0.880
0.035	0.069	0.863	0.033
0.035	0.009	0.947	0.009
0.116	0.594	0.033	0.257
0.152	0.207	0.125	0.516
0.112	0.241	0.483	0.164
0.240	0.228	0.366	0.166
>BCAGCCAATSVS	5-BCAGCCAATSVS	9.200992	-237.822650	0	T:236.0(11.96%),B:910.3(2.01%),P:1e-103	Tpos:100.2,Tstd:57.1,Bpos:96.9,Bstd:71.3,StrandBias:0.1,Multiplicity:1.08
0.032	0.394	0.295	0.279
0.001	0.877	0.121	0.001
0.653	0.225	0.001	0.121
0.001	0.001	0.981	0.017
0.001	0.997	0.001	0.001
0.001	0.981	0.017	0.001
0.719	0.001	0.001	0.279
0.788	0.055	0.001	0.156
0.049	0.237	0.001	0.713
0.001	0.451	0.530	0.018
0.251	0.316	0.360	0.073
0.089	0.352	0.451	0.107
>ACTACAATTCCC	6-ACTACAATTCCC	9.551105	-173.196687	0	T:167.0(8.46%),B:616.2(1.36%),P:1e-75	Tpos:107.6,Tstd:51.0,Bpos:78.4,Bstd:70.6,StrandBias:-0.1,Multiplicity:1.35
0.952	0.046	0.001	0.001
0.013	0.978	0.001	0.008
0.014	0.099	0.014	0.873
0.819	0.093	0.027	0.061
0.001	0.985	0.001	0.013
0.806	0.084	0.069	0.041
0.585	0.176	0.050	0.189
0.130	0.302	0.107	0.461
0.055	0.173	0.014	0.758
0.024	0.951	0.001	0.024
0.001	0.958	0.001	0.040
0.124	0.874	0.001	0.001
>AAAGGGGCGGGA	7-AAAGGGGCGGGA	9.749077	-115.923281	0	T:186.0(9.42%),B:1149.7(2.54%),P:1e-50	Tpos:97.5,Tstd:55.8,Bpos:99.1,Bstd:66.1,StrandBias:-0.2,Multiplicity:1.02
0.789	0.075	0.119	0.017
0.830	0.037	0.083	0.050
0.726	0.076	0.148	0.050
0.087	0.033	0.863	0.017
0.059	0.044	0.896	0.001
0.041	0.001	0.947	0.011
0.013	0.144	0.817	0.026
0.089	0.713	0.033	0.165
0.072	0.066	0.856	0.006
0.033	0.001	0.950	0.016
0.050	0.001	0.899	0.050
0.719	0.156	0.067	0.058
>CCAATCAGAGGC	8-CCAATCAGAGGC	7.669221	-114.209078	0	T:277.0(14.03%),B:2325.1(5.15%),P:1e-49	Tpos:98.7,Tstd:54.3,Bpos:98.1,Bstd:65.0,StrandBias:-0.5,Multiplicity:1.07
0.062	0.830	0.062	0.046
0.069	0.771	0.097	0.063
0.728	0.084	0.079	0.109
0.613	0.186	0.128	0.073
0.104	0.149	0.099	0.648
0.031	0.774	0.122	0.073
0.734	0.118	0.107	0.041
0.026	0.073	0.844	0.057
0.691	0.121	0.094	0.094
0.093	0.052	0.818	0.037
0.067	0.136	0.718	0.079
0.033	0.831	0.068	0.068
>GCGCATGCGCAG	9-GCGCATGCGCAG	8.627196	-95.924724	0	T:264.0(13.37%),B:2384.3(5.28%),P:1e-41	Tpos:98.4,Tstd:56.7,Bpos:88.8,Bstd:64.6,StrandBias:-0.1,Multiplicity:1.17
0.069	0.043	0.869	0.019
0.093	0.855	0.028	0.024
0.064	0.024	0.879	0.033
0.036	0.925	0.016	0.023
0.693	0.165	0.083	0.059
0.063	0.092	0.100	0.745
0.010	0.015	0.956	0.019
0.007	0.926	0.038	0.029
0.017	0.042	0.843	0.098
0.009	0.909	0.024	0.058
0.767	0.052	0.079	0.102
0.127	0.120	0.636	0.117
>GGGCGGAGTYRS	10-GGGCGGAGTYRS	10.877501	-65.803839	0	T:70.0(3.55%),B:291.7(0.65%),P:1e-28	Tpos:107.0,Tstd:49.5,Bpos:91.8,Bstd:66.0,StrandBias:0.1,Multiplicity:1.02
0.345	0.001	0.653	0.001
0.001	0.001	0.997	0.001
0.001	0.001	0.997	0.001
0.118	0.740	0.001	0.141
0.001	0.001	0.997	0.001
0.001	0.001	0.997	0.001
0.741	0.001	0.054	0.204
0.073	0.001	0.925	0.001
0.001	0.001	0.001	0.997
0.001	0.469	0.001	0.529
0.403	0.001	0.382	0.213
0.149	0.352	0.498	0.001
>CGATTGGBTBCY	11-CGATTGGBTBCY	5.321327	-65.084318	0	T:116.0(5.88%),B:778.8(1.72%),P:1e-28	Tpos:96.6,Tstd:57.0,Bpos:102.4,Bstd:73.7,StrandBias:-0.4,Multiplicity:1.05
0.001	0.997	0.001	0.001
0.001	0.001	0.997	0.001
0.849	0.001	0.001	0.149
0.359	0.001	0.001	0.639
0.179	0.001	0.001	0.819
0.001	0.001	0.838	0.160
0.001	0.001	0.997	0.001
0.001	0.400	0.329	0.270
0.239	0.001	0.001	0.759
0.001	0.270	0.419	0.310
0.089	0.909	0.001	0.001
0.180	0.310	0.090	0.420
>GVGTCACGTGRS	12-GVGTCACGTGRS	7.556906	-57.231725	0	T:188.0(9.52%),B:1856.3(4.11%),P:1e-24	Tpos:96.8,Tstd:51.5,Bpos:84.6,Bstd:68.6,StrandBias:-0.1,Multiplicity:1.06
0.214	0.259	0.413	0.113
0.270	0.383	0.270	0.077
0.129	0.053	0.807	0.011
0.066	0.113	0.028	0.793
0.023	0.635	0.319	0.023
0.859	0.001	0.106	0.034
0.020	0.924	0.001	0.055
0.086	0.025	0.877	0.012
0.011	0.133	0.001	0.855
0.107	0.258	0.572	0.063
0.411	0.232	0.287	0.069
0.084	0.444	0.375	0.097
>TTGATTGACAGG	13-TTGATTGACAGG	8.718794	-50.968449	0	T:60.0(3.04%),B:280.3(0.62%),P:1e-22	Tpos:98.0,Tstd:56.3,Bpos:95.5,Bstd:67.3,StrandBias:-0.2,Multiplicity:1.06
0.090	0.089	0.163	0.658
0.097	0.001	0.032	0.870
0.001	0.001	0.966	0.032
0.966	0.032	0.001	0.001
0.098	0.123	0.130	0.649
0.001	0.130	0.099	0.770
0.065	0.033	0.869	0.033
0.804	0.065	0.098	0.033
0.001	0.934	0.001	0.064
0.944	0.001	0.001	0.054
0.130	0.001	0.835	0.034
0.065	0.098	0.739	0.098
>CACTTCCGGTTT	14-CACTTCCGGTTT	9.396260	-50.817234	0	T:84.0(4.26%),B:533.4(1.18%),P:1e-22	Tpos:103.8,Tstd:53.5,Bpos:88.9,Bstd:54.5,StrandBias:-0.2,Multiplicity:1.01
0.123	0.824	0.052	0.001
0.753	0.064	0.102	0.081
0.001	0.878	0.043	0.078
0.013	0.042	0.001	0.944
0.021	0.102	0.043	0.834
0.001	0.978	0.001	0.020
0.042	0.941	0.016	0.001
0.021	0.001	0.914	0.064
0.021	0.089	0.847	0.043
0.043	0.137	0.166	0.654
0.064	0.167	0.091	0.678
0.032	0.141	0.069	0.758
>NATCTCGCCWGT	15-NATCTCGCCWGT	3.960488	-48.955903	0	T:619.0(31.36%),B:9951.6(22.02%),P:1e-21	Tpos:99.2,Tstd:56.6,Bpos:101.3,Bstd:69.7,StrandBias:0.2,Multiplicity:1.14
0.242	0.266	0.250	0.242
0.475	0.246	0.267	0.012
0.010	0.043	0.008	0.939
0.245	0.497	0.011	0.248
0.251	0.033	0.239	0.477
0.009	0.977	0.009	0.005
0.006	0.001	0.980	0.013
0.248	0.734	0.009	0.009
0.245	0.721	0.010	0.024
0.473	0.002	0.001	0.524
0.260	0.015	0.485	0.240
0.245	0.018	0.252	0.485
>GAAGCGTCCAGG	16-GAAGCGTCCAGG	12.355432	-41.035353	0	T:9.0(0.46%),B:0.6(0.00%),P:1e-17	Tpos:72.9,Tstd:36.1,Bpos:12.0,Bstd:0.0,StrandBias:1.8,Multiplicity:1.00
0.100	0.100	0.700	0.100
0.700	0.100	0.100	0.100
0.700	0.100	0.100	0.100
0.100	0.100	0.700	0.100
0.100	0.700	0.100	0.100
0.100	0.100	0.700	0.100
0.100	0.100	0.100	0.700
0.100	0.700	0.100	0.100
0.100	0.700	0.100	0.100
0.700	0.100	0.100	0.100
0.100	0.100	0.700	0.100
0.100	0.100	0.700	0.100
>CCAATGAGAAGG	17-CCAATGAGAAGG	9.576050	-40.860751	0	T:63.0(3.19%),B:380.3(0.84%),P:1e-17	Tpos:115.7,Tstd:60.2,Bpos:100.1,Bstd:57.2,StrandBias:0.2,Multiplicity:1.00
0.069	0.724	0.069	0.138
0.069	0.885	0.045	0.001
0.885	0.001	0.001	0.113
0.815	0.001	0.183	0.001
0.029	0.078	0.265	0.628
0.001	0.001	0.997	0.001
0.902	0.069	0.028	0.001
0.143	0.069	0.787	0.001
0.783	0.078	0.138	0.001
0.861	0.069	0.001	0.069
0.035	0.001	0.895	0.069
0.069	0.138	0.724	0.069
>GCGATCCTGGAA	18-GCGATCCTGGAA	13.998551	-39.581591	0	T:10.0(0.51%),B:2.3(0.01%),P:1e-17	Tpos:75.0,Tstd:42.9,Bpos:78.7,Bstd:46.1,StrandBias:0.6,Multiplicity:1.00
0.001	0.089	0.909	0.001
0.001	0.909	0.001	0.089
0.001	0.001	0.997	0.001
0.997	0.001	0.001	0.001
0.089	0.001	0.001	0.909
0.001	0.997	0.001	0.001
0.001	0.997	0.001	0.001
0.001	0.001	0.001	0.997
0.001	0.001	0.997	0.001
0.001	0.001	0.997	0.001
0.997	0.001	0.001	0.001
0.997	0.001	0.001	0.001
>CAGGATAAGATT	19-CAGGATAAGATT	10.931400	-36.966485	0	T:15.0(0.76%),B:13.7(0.03%),P:1e-16	Tpos:86.1,Tstd:44.5,Bpos:136.3,Bstd:58.3,StrandBias:0.2,Multiplicity:1.00
0.001	0.987	0.011	0.001
0.627	0.001	0.371	0.001
0.001	0.001	0.997	0.001
0.239	0.001	0.759	0.001
0.759	0.120	0.120	0.001
0.001	0.119	0.001	0.879
0.625	0.135	0.120	0.120
0.977	0.011	0.011	0.001
0.119	0.001	0.879	0.001
0.759	0.001	0.120	0.120
0.001	0.001	0.035	0.963
0.120	0.120	0.012	0.748
>CTCCACCAATCA	20-CTCCACCAATCA	13.928251	-33.759631	0	T:13.0(0.66%),B:10.4(0.02%),P:1e-14	Tpos:105.6,Tstd:57.6,Bpos:54.7,Bstd:12.7,StrandBias:-0.3,Multiplicity:1.00
0.146	0.852	0.001	0.001
0.001	0.001	0.001	0.997
0.001	0.997	0.001	0.001
0.001	0.852	0.001	0.146
0.852	0.001	0.001	0.146
0.001	0.852	0.001	0.146
0.001	0.997	0.001	0.001
0.997	0.001	0.001	0.001
0.997	0.001	0.001	0.001
0.001	0.115	0.001	0.883
0.001	0.997	0.001	0.001
0.852	0.146	0.001	0.001
>ATAGGCGGAAAG	21-ATAGGCGGAAAG	13.821142	-30.488659	0	T:7.0(0.35%),B:0.0(0.00%),P:1e-13	Tpos:105.7,Tstd:36.6,Bpos:0.0,Bstd:0.0,StrandBias:1.3,Multiplicity:1.00
0.559	0.147	0.147	0.147
0.001	0.001	0.115	0.883
0.997	0.001	0.001	0.001
0.001	0.001	0.997	0.001
0.001	0.001	0.997	0.001
0.001	0.997	0.001	0.001
0.001	0.001	0.852	0.146
0.001	0.001	0.997	0.001
0.997	0.001	0.001	0.001
0.852	0.001	0.146	0.001
0.997	0.001	0.001	0.001
0.001	0.001	0.997	0.001
>CTAACGCCCACC	22-CTAACGCCCACC	9.862956	-29.412114	0	T:11.0(0.56%),B:8.1(0.02%),P:1e-12	Tpos:107.5,Tstd:36.5,Bpos:93.4,Bstd:46.1,StrandBias:-0.8,Multiplicity:1.00
0.001	0.997	0.001	0.001
0.001	0.001	0.001	0.997
0.997	0.001	0.001	0.001
0.997	0.001	0.001	0.001
0.001	0.818	0.001	0.180
0.001	0.001	0.997	0.001
0.001	0.997	0.001	0.001
0.001	0.971	0.001	0.027
0.001	0.997	0.001	0.001
0.756	0.001	0.242	0.001
0.001	0.997	0.001	0.001
0.001	0.997	0.001	0.001
>TAAGGCTAGGCC	23-TAAGGCTAGGCC	14.042917	-26.706794	0	T:9.0(0.46%),B:5.2(0.01%),P:1e-11	Tpos:93.4,Tstd:52.5,Bpos:141.8,Bstd:30.7,StrandBias:0.3,Multiplicity:1.00
0.001	0.001	0.001	0.997
0.832	0.001	0.166	0.001
0.832	0.166	0.001	0.001
0.001	0.001	0.997	0.001
0.001	0.001	0.997	0.001
0.166	0.832	0.001	0.001
0.166	0.166	0.001	0.667
0.997	0.001	0.001	0.001
0.001	0.001	0.997	0.001
0.001	0.001	0.997	0.001
0.001	0.997	0.001	0.001
0.001	0.997	0.001	0.001
>CCAGGAGACAGG	24-CCAGGAGACAGG	12.355432	-22.874466	0	T:7.0(0.35%),B:3.8(0.01%),P:1e-9	Tpos:113.3,Tstd:68.1,Bpos:85.6,Bstd:23.7,StrandBias:1.3,Multiplicity:1.00
0.100	0.700	0.100	0.100
0.100	0.700	0.100	0.100
0.700	0.100	0.100	0.100
0.100	0.100	0.700	0.100
0.100	0.100	0.700	0.100
0.700	0.100	0.100	0.100
0.100	0.100	0.700	0.100
0.700	0.100	0.100	0.100
0.100	0.700	0.100	0.100
0.700	0.100	0.100	0.100
0.100	0.100	0.700	0.100
0.100	0.100	0.700	0.100
>GGGATACGTAGT	25-GGGATACGTAGT	10.409522	-18.721128	0	T:12.0(0.61%),B:28.2(0.06%),P:1e-8	Tpos:102.2,Tstd:52.7,Bpos:24.0,Bstd:0.0,StrandBias:1.0,Multiplicity:1.00
0.100	0.100	0.700	0.100
0.100	0.100	0.700	0.100
0.100	0.100	0.700	0.100
0.700	0.100	0.100	0.100
0.100	0.100	0.100	0.700
0.700	0.100	0.100	0.100
0.100	0.700	0.100	0.100
0.100	0.100	0.700	0.100
0.100	0.100	0.100	0.700
0.700	0.100	0.100	0.100
0.100	0.100	0.700	0.100
0.100	0.100	0.100	0.700
