>CTAGCCACTT	1-CTAGCCACTT	10.399450	-29.728361	0	T:11.0(6.21%),B:96.8(0.20%),P:1e-12	Tpos:125.7,Tstd:41.0,Bpos:97.9,Bstd:66.5,StrandBias:-0.3,Multiplicity:1.00
0.001	0.812	0.103	0.084
0.001	0.001	0.001	0.997
0.997	0.001	0.001	0.001
0.001	0.001	0.680	0.318
0.001	0.997	0.001	0.001
0.001	0.997	0.001	0.001
0.904	0.001	0.001	0.094
0.001	0.899	0.001	0.099
0.001	0.080	0.001	0.918
0.115	0.001	0.001	0.883
>AATTTCAGTC	2-AATTTCAGTC	12.932034	-27.074582	0	T:7.0(3.95%),B:20.1(0.04%),P:1e-11	Tpos:105.7,Tstd:35.4,Bpos:96.0,Bstd:44.9,StrandBias:1.3,Multiplicity:1.00
0.997	0.001	0.001	0.001
0.997	0.001	0.001	0.001
0.001	0.001	0.001	0.997
0.001	0.001	0.001	0.997
0.001	0.001	0.001	0.997
0.001	0.593	0.001	0.405
0.997	0.001	0.001	0.001
0.001	0.001	0.997	0.001
0.001	0.001	0.001	0.997
0.001	0.997	0.001	0.001
>GTTGGGCGAA	3-GTTGGGCGAA	8.639299	-25.271503	0	T:19.0(10.73%),B:682.0(1.40%),P:1e-10	Tpos:107.5,Tstd:48.0,Bpos:101.7,Bstd:61.5,StrandBias:0.9,Multiplicity:1.00
0.001	0.001	0.997	0.001
0.150	0.001	0.001	0.848
0.001	0.001	0.001	0.997
0.001	0.001	0.997	0.001
0.275	0.001	0.723	0.001
0.001	0.186	0.812	0.001
0.174	0.668	0.083	0.075
0.097	0.207	0.695	0.001
0.711	0.079	0.092	0.118
0.700	0.001	0.298	0.001
>CCTGTAACTT	4-CCTGTAACTT	8.936233	-24.759856	0	T:14.0(7.91%),B:317.8(0.65%),P:1e-10	Tpos:96.9,Tstd:53.8,Bpos:99.8,Bstd:61.8,StrandBias:0.6,Multiplicity:1.07
0.079	0.858	0.001	0.062
0.001	0.997	0.001	0.001
0.001	0.171	0.001	0.827
0.001	0.082	0.853	0.064
0.067	0.078	0.001	0.854
0.862	0.064	0.073	0.001
0.997	0.001	0.001	0.001
0.001	0.997	0.001	0.001
0.001	0.074	0.001	0.924
0.104	0.001	0.001	0.894
>CTGTACTCGC	5-CTGTACTCGC	8.995225	-23.008782	0	T:7.0(3.95%),B:36.7(0.08%),P:1e-9	Tpos:99.3,Tstd:62.5,Bpos:99.0,Bstd:67.3,StrandBias:0.4,Multiplicity:1.00
0.001	0.997	0.001	0.001
0.001	0.001	0.078	0.920
0.001	0.001	0.997	0.001
0.001	0.001	0.001	0.997
0.997	0.001	0.001	0.001
0.001	0.997	0.001	0.001
0.001	0.001	0.001	0.997
0.001	0.571	0.327	0.101
0.001	0.001	0.997	0.001
0.001	0.997	0.001	0.001
>TTTTTGCGTT	6-TTTTTGCGTT	12.289439	-20.156809	0	T:5.0(2.82%),B:13.8(0.03%),P:1e-8	Tpos:105.6,Tstd:67.9,Bpos:81.3,Bstd:55.6,StrandBias:-0.6,Multiplicity:1.00
0.001	0.001	0.001	0.997
0.001	0.001	0.001	0.997
0.299	0.213	0.001	0.487
0.001	0.001	0.001	0.997
0.001	0.001	0.001	0.997
0.001	0.001	0.997	0.001
0.001	0.997	0.001	0.001
0.001	0.001	0.997	0.001
0.001	0.001	0.001	0.997
0.001	0.001	0.001	0.997
>CGCTCTGCCA	7-CGCTCTGCCA	8.111350	-18.533754	0	T:21.0(11.86%),B:1264.9(2.59%),P:1e-8	Tpos:113.6,Tstd:48.4,Bpos:100.7,Bstd:56.1,StrandBias:-0.5,Multiplicity:1.05
0.097	0.730	0.091	0.082
0.050	0.061	0.716	0.173
0.001	0.593	0.001	0.405
0.236	0.004	0.070	0.690
0.077	0.921	0.001	0.001
0.001	0.074	0.088	0.837
0.001	0.185	0.806	0.008
0.001	0.894	0.001	0.104
0.114	0.790	0.001	0.095
0.778	0.001	0.005	0.216
>ATGGCCGCAC	8-ATGGCCGCAC	11.237474	-17.143867	0	T:7.0(3.95%),B:85.9(0.18%),P:1e-7	Tpos:78.3,Tstd:36.9,Bpos:117.5,Bstd:60.6,StrandBias:-0.4,Multiplicity:1.00
0.997	0.001	0.001	0.001
0.001	0.001	0.166	0.832
0.001	0.001	0.997	0.001
0.001	0.001	0.997	0.001
0.001	0.997	0.001	0.001
0.116	0.882	0.001	0.001
0.001	0.126	0.624	0.249
0.001	0.997	0.001	0.001
0.837	0.161	0.001	0.001
0.001	0.997	0.001	0.001
>CCGTTCGCAA	9-CCGTTCGCAA	11.519669	-16.594052	0	T:3.0(1.69%),B:2.6(0.01%),P:1e-7	Tpos:69.3,Tstd:46.4,Bpos:169.0,Bstd:0.0,StrandBias:1.0,Multiplicity:1.00
0.001	0.840	0.158	0.001
0.001	0.997	0.001	0.001
0.001	0.180	0.818	0.001
0.001	0.001	0.001	0.997
0.001	0.001	0.128	0.870
0.158	0.683	0.001	0.158
0.158	0.001	0.840	0.001
0.001	0.840	0.158	0.001
0.508	0.001	0.310	0.181
0.660	0.158	0.001	0.181
>CGGTCAGTTC	10-CGGTCAGTTC	8.195135	-15.708573	0	T:5.0(2.82%),B:32.4(0.07%),P:1e-6	Tpos:60.4,Tstd:46.6,Bpos:104.0,Bstd:65.4,StrandBias:0.7,Multiplicity:1.60
0.001	0.997	0.001	0.001
0.001	0.001	0.997	0.001
0.001	0.001	0.997	0.001
0.001	0.001	0.001	0.997
0.001	0.925	0.001	0.073
0.963	0.001	0.001	0.035
0.001	0.001	0.997	0.001
0.001	0.001	0.001	0.997
0.001	0.001	0.001	0.997
0.001	0.808	0.082	0.109
>GGCTCGTGTT	11-GGCTCGTGTT	8.330265	-15.371998	0	T:12.0(6.78%),B:473.8(0.97%),P:1e-6	Tpos:108.6,Tstd:49.8,Bpos:95.0,Bstd:58.7,StrandBias:0.5,Multiplicity:1.00
0.001	0.001	0.997	0.001
0.001	0.057	0.727	0.215
0.001	0.800	0.107	0.092
0.001	0.001	0.120	0.878
0.001	0.799	0.086	0.114
0.084	0.057	0.790	0.069
0.001	0.208	0.199	0.592
0.001	0.001	0.752	0.246
0.001	0.083	0.001	0.915
0.001	0.132	0.068	0.799
>TGATTATTTT	12-TGATTATTTT	10.063170	-15.267944	0	T:13.0(7.34%),B:574.2(1.18%),P:1e-6	Tpos:101.6,Tstd:60.2,Bpos:105.3,Bstd:59.6,StrandBias:-1.5,Multiplicity:1.15
0.001	0.001	0.001	0.997
0.001	0.001	0.940	0.058
0.783	0.072	0.093	0.052
0.001	0.001	0.101	0.897
0.098	0.001	0.100	0.801
0.905	0.001	0.001	0.093
0.001	0.001	0.136	0.862
0.001	0.001	0.001	0.997
0.001	0.001	0.001	0.997
0.001	0.001	0.111	0.887
>TTAGCTGCCG	13-TTAGCTGCCG	10.296193	-13.853194	0	T:3.0(1.69%),B:5.6(0.01%),P:1e-6	Tpos:108.3,Tstd:67.4,Bpos:88.0,Bstd:41.4,StrandBias:1.0,Multiplicity:1.00
0.100	0.100	0.100	0.700
0.100	0.100	0.100	0.700
0.700	0.100	0.100	0.100
0.100	0.100	0.700	0.100
0.100	0.700	0.100	0.100
0.100	0.100	0.100	0.700
0.100	0.100	0.700	0.100
0.100	0.700	0.100	0.100
0.100	0.700	0.100	0.100
0.100	0.100	0.700	0.100
>ATCTGCGCTG	14-ATCTGCGCTG	10.509239	-13.047061	0	T:4.0(2.26%),B:24.5(0.05%),P:1e-5	Tpos:52.4,Tstd:37.0,Bpos:99.2,Bstd:53.2,StrandBias:-0.6,Multiplicity:1.25
0.997	0.001	0.001	0.001
0.001	0.001	0.001	0.997
0.001	0.997	0.001	0.001
0.231	0.001	0.001	0.767
0.001	0.001	0.997	0.001
0.001	0.997	0.001	0.001
0.001	0.001	0.997	0.001
0.001	0.997	0.001	0.001
0.001	0.155	0.001	0.843
0.001	0.001	0.997	0.001
>GCGACAAAAG	15-GCGACAAAAG	9.028556	-9.636933	0	T:5.0(2.82%),B:113.6(0.23%),P:1e-4	Tpos:124.9,Tstd:57.4,Bpos:97.5,Bstd:63.7,StrandBias:2.6,Multiplicity:1.40
0.001	0.001	0.997	0.001
0.136	0.818	0.045	0.001
0.001	0.001	0.997	0.001
0.997	0.001	0.001	0.001
0.001	0.997	0.001	0.001
0.997	0.001	0.001	0.001
0.997	0.001	0.001	0.001
0.817	0.001	0.001	0.181
0.997	0.001	0.001	0.001
0.001	0.001	0.997	0.001
>AATTTCAGTCTY	1-AATTTCAGTCTY	14.583219	-27.930972	0	T:6.0(3.39%),B:8.0(0.02%),P:1e-12	Tpos:102.2,Tstd:36.9,Bpos:106.9,Bstd:38.2,StrandBias:1.0,Multiplicity:1.00
0.997	0.001	0.001	0.001
0.997	0.001	0.001	0.001
0.001	0.001	0.001	0.997
0.001	0.001	0.001	0.997
0.001	0.001	0.001	0.997
0.001	0.741	0.001	0.257
0.997	0.001	0.001	0.001
0.001	0.001	0.997	0.001
0.001	0.001	0.001	0.997
0.001	0.997	0.001	0.001
0.001	0.001	0.001	0.997
0.001	0.483	0.001	0.515
>TTTCCGTTCGCV	2-TTTCCGTTCGCV	12.543928	-27.227275	0	T:6.0(3.39%),B:9.4(0.02%),P:1e-11	Tpos:67.2,Tstd:34.7,Bpos:148.0,Bstd:41.5,StrandBias:0.0,Multiplicity:1.00
0.001	0.001	0.001	0.997
0.001	0.001	0.001	0.997
0.001	0.001	0.314	0.684
0.314	0.684	0.001	0.001
0.001	0.997	0.001	0.001
0.001	0.001	0.997	0.001
0.001	0.001	0.001	0.997
0.001	0.001	0.001	0.997
0.001	0.684	0.001	0.314
0.001	0.001	0.684	0.314
0.001	0.997	0.001	0.001
0.370	0.314	0.314	0.001
>TGCTGTGTGSAA	3-TGCTGTGTGSAA	12.144501	-26.413501	0	T:7.0(3.95%),B:22.2(0.05%),P:1e-11	Tpos:130.6,Tstd:26.2,Bpos:69.1,Bstd:47.8,StrandBias:2.6,Multiplicity:1.00
0.001	0.001	0.001	0.997
0.001	0.001	0.997	0.001
0.001	0.943	0.055	0.001
0.001	0.001	0.001	0.997
0.001	0.001	0.997	0.001
0.001	0.001	0.001	0.997
0.001	0.001	0.997	0.001
0.001	0.001	0.001	0.997
0.001	0.042	0.956	0.001
0.001	0.446	0.552	0.001
0.650	0.348	0.001	0.001
0.997	0.001	0.001	0.001
>CGCTGTACTTGC	4-CGCTGTACTTGC	12.572838	-26.029252	0	T:6.0(3.39%),B:11.4(0.02%),P:1e-11	Tpos:120.0,Tstd:55.0,Bpos:132.5,Bstd:50.8,StrandBias:1.0,Multiplicity:1.00
0.001	0.623	0.001	0.375
0.207	0.001	0.791	0.001
0.001	0.997	0.001	0.001
0.001	0.001	0.207	0.791
0.001	0.001	0.997	0.001
0.207	0.001	0.001	0.791
0.997	0.001	0.001	0.001
0.001	0.997	0.001	0.001
0.001	0.001	0.001	0.997
0.001	0.001	0.166	0.832
0.001	0.001	0.997	0.001
0.001	0.997	0.001	0.001
>TCTTTTTGCGTT	5-TCTTTTTGCGTT	15.459918	-25.694159	0	T:4.0(2.26%),B:0.0(0.00%),P:1e-11	Tpos:129.2,Tstd:54.6,Bpos:0.0,Bstd:0.0,StrandBias:0.0,Multiplicity:1.00
0.001	0.001	0.001	0.997
0.001	0.997	0.001	0.001
0.001	0.001	0.001	0.997
0.001	0.001	0.001	0.997
0.319	0.001	0.001	0.679
0.001	0.001	0.001	0.997
0.001	0.001	0.001	0.997
0.001	0.001	0.997	0.001
0.001	0.997	0.001	0.001
0.001	0.001	0.997	0.001
0.001	0.001	0.001	0.997
0.001	0.001	0.001	0.997
>CCTGCTATTATC	6-CCTGCTATTATC	12.811246	-22.924404	0	T:4.0(2.26%),B:2.8(0.01%),P:1e-9	Tpos:131.2,Tstd:54.0,Bpos:163.4,Bstd:19.3,StrandBias:-1.6,Multiplicity:1.00
0.001	0.997	0.001	0.001
0.001	0.997	0.001	0.001
0.001	0.001	0.001	0.997
0.001	0.150	0.848	0.001
0.001	0.997	0.001	0.001
0.001	0.001	0.001	0.997
0.997	0.001	0.001	0.001
0.001	0.001	0.001	0.997
0.001	0.001	0.001	0.997
0.848	0.001	0.150	0.001
0.001	0.001	0.001	0.997
0.001	0.997	0.001	0.001
>TCCGGTCHGTTB	7-TCCGGTCHGTTB	11.580426	-22.469231	0	T:6.0(3.39%),B:20.6(0.04%),P:1e-9	Tpos:67.7,Tstd:69.5,Bpos:106.3,Bstd:60.3,StrandBias:2.3,Multiplicity:1.00
0.111	0.001	0.126	0.762
0.001	0.977	0.021	0.001
0.001	0.623	0.001	0.375
0.126	0.126	0.616	0.132
0.011	0.001	0.987	0.001
0.001	0.001	0.273	0.725
0.001	0.990	0.008	0.001
0.385	0.362	0.001	0.252
0.001	0.273	0.725	0.001
0.001	0.110	0.001	0.888
0.001	0.001	0.009	0.989
0.001	0.363	0.258	0.378
>GAACTAKCCACT	8-GAACTAKCCACT	7.896050	-22.154957	0	T:20.0(11.30%),B:922.5(1.89%),P:1e-9	Tpos:112.9,Tstd:43.4,Bpos:97.7,Bstd:57.3,StrandBias:0.4,Multiplicity:1.15
0.001	0.001	0.844	0.154
0.682	0.163	0.154	0.001
0.700	0.068	0.077	0.155
0.227	0.545	0.227	0.001
0.077	0.158	0.001	0.764
0.787	0.077	0.001	0.135
0.001	0.072	0.390	0.537
0.001	0.997	0.001	0.001
0.001	0.767	0.001	0.231
0.917	0.081	0.001	0.001
0.159	0.608	0.001	0.232
0.001	0.154	0.001	0.844
>AGATGGCAGAGA	9-AGATGGCAGAGA	9.728730	-21.554989	0	T:15.0(8.47%),B:485.4(0.99%),P:1e-9	Tpos:115.5,Tstd:51.4,Bpos:103.1,Bstd:57.0,StrandBias:0.2,Multiplicity:1.21
0.832	0.001	0.078	0.089
0.092	0.126	0.781	0.001
0.476	0.153	0.293	0.078
0.001	0.089	0.125	0.785
0.067	0.089	0.843	0.001
0.156	0.001	0.842	0.001
0.001	0.921	0.077	0.001
0.997	0.001	0.001	0.001
0.089	0.001	0.909	0.001
0.924	0.001	0.072	0.003
0.001	0.089	0.909	0.001
0.791	0.144	0.001	0.064
>TCGKCTSCTMSS	10-TCGKCTSCTMSS	10.053041	-20.266839	0	T:6.0(3.39%),B:29.1(0.06%),P:1e-8	Tpos:111.5,Tstd:49.0,Bpos:112.4,Bstd:46.3,StrandBias:1.0,Multiplicity:1.00
0.001	0.001	0.001	0.997
0.001	0.997	0.001	0.001
0.001	0.001	0.997	0.001
0.001	0.018	0.459	0.522
0.001	0.997	0.001	0.001
0.001	0.001	0.001	0.997
0.001	0.540	0.458	0.001
0.001	0.997	0.001	0.001
0.001	0.001	0.001	0.997
0.459	0.519	0.001	0.021
0.001	0.519	0.479	0.001
0.001	0.458	0.540	0.001
>AYGGTYWKTTTT	11-AYGGTYWKTTTT	13.817351	-18.827221	0	T:5.0(2.82%),B:17.4(0.04%),P:1e-8	Tpos:82.2,Tstd:39.3,Bpos:140.5,Bstd:47.3,StrandBias:0.6,Multiplicity:1.00
0.997	0.001	0.001	0.001
0.001	0.540	0.001	0.458
0.001	0.001	0.997	0.001
0.001	0.001	0.997	0.001
0.001	0.001	0.001	0.997
0.001	0.458	0.001	0.540
0.540	0.001	0.001	0.458
0.001	0.001	0.540	0.458
0.001	0.001	0.001	0.997
0.001	0.001	0.001	0.997
0.001	0.001	0.001	0.997
0.001	0.001	0.001	0.997
>GTTCTCCCAGGT	12-GTTCTCCCAGGT	15.368050	-18.541290	0	T:4.0(2.26%),B:6.2(0.01%),P:1e-8	Tpos:88.0,Tstd:58.4,Bpos:97.8,Bstd:59.2,StrandBias:1.6,Multiplicity:1.00
0.001	0.001	0.997	0.001
0.001	0.001	0.001	0.997
0.001	0.001	0.291	0.707
0.001	0.997	0.001	0.001
0.001	0.001	0.001	0.997
0.001	0.997	0.001	0.001
0.001	0.997	0.001	0.001
0.001	0.997	0.001	0.001
0.997	0.001	0.001	0.001
0.001	0.001	0.997	0.001
0.001	0.001	0.997	0.001
0.001	0.001	0.001	0.997
>GGGGACAGCTTT	13-GGGGACAGCTTT	8.647609	-18.265418	0	T:12.0(6.78%),B:361.6(0.74%),P:1e-7	Tpos:123.5,Tstd:46.4,Bpos:101.2,Bstd:55.6,StrandBias:1.0,Multiplicity:1.00
0.236	0.001	0.557	0.206
0.001	0.030	0.968	0.001
0.001	0.001	0.763	0.235
0.001	0.165	0.833	0.001
0.793	0.001	0.001	0.205
0.001	0.997	0.001	0.001
0.587	0.001	0.206	0.206
0.001	0.001	0.997	0.001
0.001	0.997	0.001	0.001
0.001	0.345	0.001	0.653
0.179	0.001	0.001	0.819
0.005	0.001	0.001	0.993
>TCTCTTGGGAGG	14-TCTCTTGGGAGG	12.986942	-17.333408	0	T:5.0(2.82%),B:23.9(0.05%),P:1e-7	Tpos:106.6,Tstd:30.5,Bpos:100.2,Bstd:57.9,StrandBias:0.6,Multiplicity:1.00
0.001	0.001	0.249	0.749
0.001	0.780	0.001	0.218
0.001	0.001	0.218	0.780
0.001	0.997	0.001	0.001
0.001	0.001	0.001	0.997
0.001	0.001	0.001	0.997
0.001	0.001	0.997	0.001
0.001	0.001	0.749	0.249
0.001	0.001	0.997	0.001
0.997	0.001	0.001	0.001
0.001	0.001	0.997	0.001
0.001	0.001	0.997	0.001
>TTTGTGAGGCCA	15-TTTGTGAGGCCA	12.355432	-16.594052	0	T:3.0(1.69%),B:2.6(0.01%),P:1e-7	Tpos:77.3,Tstd:25.7,Bpos:193.0,Bstd:0.0,StrandBias:1.0,Multiplicity:1.00
0.100	0.100	0.100	0.700
0.100	0.100	0.100	0.700
0.100	0.100	0.100	0.700
0.100	0.100	0.700	0.100
0.100	0.100	0.100	0.700
0.100	0.100	0.700	0.100
0.700	0.100	0.100	0.100
0.100	0.100	0.700	0.100
0.100	0.100	0.700	0.100
0.100	0.700	0.100	0.100
0.100	0.700	0.100	0.100
0.700	0.100	0.100	0.100
>ACACATCTCTCA	16-ACACATCTCTCA	10.584399	-15.755679	0	T:8.0(4.52%),B:157.9(0.32%),P:1e-6	Tpos:104.7,Tstd:50.4,Bpos:98.1,Bstd:54.4,StrandBias:1.4,Multiplicity:1.25
0.751	0.124	0.124	0.001
0.001	0.997	0.001	0.001
0.747	0.127	0.001	0.125
0.001	0.875	0.001	0.123
0.875	0.001	0.001	0.123
0.142	0.001	0.001	0.856
0.124	0.751	0.124	0.001
0.001	0.001	0.123	0.875
0.001	0.751	0.247	0.001
0.124	0.109	0.124	0.643
0.001	0.997	0.001	0.001
0.875	0.001	0.001	0.123
>TCCCCCACGCCA	17-TCCCCCACGCCA	8.463612	-9.626489	0	T:18.0(10.17%),B:1729.5(3.54%),P:1e-4	Tpos:106.1,Tstd:48.1,Bpos:96.7,Bstd:59.1,StrandBias:-0.8,Multiplicity:1.12
0.100	0.100	0.100	0.700
0.100	0.700	0.100	0.100
0.100	0.700	0.100	0.100
0.100	0.700	0.100	0.100
0.100	0.700	0.100	0.100
0.100	0.700	0.100	0.100
0.700	0.100	0.100	0.100
0.100	0.700	0.100	0.100
0.100	0.100	0.700	0.100
0.100	0.700	0.100	0.100
0.100	0.700	0.100	0.100
0.700	0.100	0.100	0.100
>AAACGAAA	1-AAACGAAA	6.447466	-17.942962	0	T:18.0(10.17%),B:952.9(1.95%),P:1e-7	Tpos:92.2,Tstd:50.7,Bpos:101.3,Bstd:64.8,StrandBias:0.8,Multiplicity:1.06
0.785	0.001	0.213	0.001
0.997	0.001	0.001	0.001
0.997	0.001	0.001	0.001
0.001	0.997	0.001	0.001
0.001	0.001	0.997	0.001
0.762	0.021	0.216	0.001
0.593	0.405	0.001	0.001
0.997	0.001	0.001	0.001
>ATCCACGT	2-ATCCACGT	6.105287	-16.596401	0	T:31.0(17.51%),B:2895.1(5.93%),P:1e-7	Tpos:107.3,Tstd:50.0,Bpos:99.1,Bstd:60.1,StrandBias:-0.7,Multiplicity:1.10
0.997	0.001	0.001	0.001
0.001	0.001	0.183	0.815
0.001	0.747	0.001	0.251
0.001	0.585	0.386	0.028
0.997	0.001	0.001	0.001
0.001	0.915	0.001	0.083
0.001	0.001	0.874	0.124
0.001	0.001	0.230	0.768
>TGGCAGAG	3-TGGCAGAG	6.213025	-15.995759	0	T:46.0(25.99%),B:5678.7(11.63%),P:1e-6	Tpos:98.8,Tstd:52.2,Bpos:100.2,Bstd:59.4,StrandBias:-0.2,Multiplicity:1.18
0.001	0.075	0.001	0.923
0.057	0.001	0.941	0.001
0.001	0.001	0.997	0.001
0.001	0.997	0.001	0.001
0.971	0.027	0.001	0.001
0.104	0.001	0.894	0.001
0.771	0.001	0.154	0.074
0.053	0.066	0.880	0.001
>TCCCCCAC	4-TCCCCCAC	7.758288	-12.432246	0	T:28.0(15.82%),B:2990.5(6.13%),P:1e-5	Tpos:105.1,Tstd:52.6,Bpos:100.8,Bstd:60.9,StrandBias:0.0,Multiplicity:1.07
0.001	0.001	0.170	0.828
0.001	0.997	0.001	0.001
0.001	0.997	0.001	0.001
0.001	0.935	0.063	0.001
0.001	0.997	0.001	0.001
0.001	0.997	0.001	0.001
0.946	0.001	0.052	0.001
0.001	0.898	0.001	0.100
>GHGTCGAA	5-GHGTCGAA	5.276095	-11.884222	0	T:38.0(21.47%),B:4952.8(10.14%),P:1e-5	Tpos:102.4,Tstd:53.8,Bpos:99.3,Bstd:58.6,StrandBias:-0.4,Multiplicity:1.22
0.001	0.001	0.997	0.001
0.416	0.268	0.001	0.315
0.001	0.212	0.786	0.001
0.064	0.347	0.060	0.529
0.001	0.883	0.115	0.001
0.001	0.001	0.997	0.001
0.997	0.001	0.001	0.001
0.938	0.001	0.060	0.001
