>AATTTCAGTCTY	1-AATTTCAGTCTY	14.583219	-27.930972	0	T:6.0(3.39%),B:8.0(0.02%),P:1e-12	Tpos:102.2,Tstd:36.9,Bpos:106.9,Bstd:38.2,StrandBias:1.0,Multiplicity:1.00
0.997	0.001	0.001	0.001
0.997	0.001	0.001	0.001
0.001	0.001	0.001	0.997
0.001	0.001	0.001	0.997
0.001	0.001	0.001	0.997
0.001	0.741	0.001	0.257
0.997	0.001	0.001	0.001
0.001	0.001	0.997	0.001
0.001	0.001	0.001	0.997
0.001	0.997	0.001	0.001
0.001	0.001	0.001	0.997
0.001	0.483	0.001	0.515
>TTTCCGTTCGCV	2-TTTCCGTTCGCV	12.543928	-27.227275	0	T:6.0(3.39%),B:9.4(0.02%),P:1e-11	Tpos:67.2,Tstd:34.7,Bpos:148.0,Bstd:41.5,StrandBias:0.0,Multiplicity:1.00
0.001	0.001	0.001	0.997
0.001	0.001	0.001	0.997
0.001	0.001	0.314	0.684
0.314	0.684	0.001	0.001
0.001	0.997	0.001	0.001
0.001	0.001	0.997	0.001
0.001	0.001	0.001	0.997
0.001	0.001	0.001	0.997
0.001	0.684	0.001	0.314
0.001	0.001	0.684	0.314
0.001	0.997	0.001	0.001
0.370	0.314	0.314	0.001
>TGCTGTGTGSAA	3-TGCTGTGTGSAA	12.144501	-26.413501	0	T:7.0(3.95%),B:22.2(0.05%),P:1e-11	Tpos:130.6,Tstd:26.2,Bpos:69.1,Bstd:47.8,StrandBias:2.6,Multiplicity:1.00
0.001	0.001	0.001	0.997
0.001	0.001	0.997	0.001
0.001	0.943	0.055	0.001
0.001	0.001	0.001	0.997
0.001	0.001	0.997	0.001
0.001	0.001	0.001	0.997
0.001	0.001	0.997	0.001
0.001	0.001	0.001	0.997
0.001	0.042	0.956	0.001
0.001	0.446	0.552	0.001
0.650	0.348	0.001	0.001
0.997	0.001	0.001	0.001
>CGCTGTACTTGC	4-CGCTGTACTTGC	12.572838	-26.029252	0	T:6.0(3.39%),B:11.4(0.02%),P:1e-11	Tpos:120.0,Tstd:55.0,Bpos:132.5,Bstd:50.8,StrandBias:1.0,Multiplicity:1.00
0.001	0.623	0.001	0.375
0.207	0.001	0.791	0.001
0.001	0.997	0.001	0.001
0.001	0.001	0.207	0.791
0.001	0.001	0.997	0.001
0.207	0.001	0.001	0.791
0.997	0.001	0.001	0.001
0.001	0.997	0.001	0.001
0.001	0.001	0.001	0.997
0.001	0.001	0.166	0.832
0.001	0.001	0.997	0.001
0.001	0.997	0.001	0.001
>TCTTTTTGCGTT	5-TCTTTTTGCGTT	15.459918	-25.694159	0	T:4.0(2.26%),B:0.0(0.00%),P:1e-11	Tpos:129.2,Tstd:54.6,Bpos:0.0,Bstd:0.0,StrandBias:0.0,Multiplicity:1.00
0.001	0.001	0.001	0.997
0.001	0.997	0.001	0.001
0.001	0.001	0.001	0.997
0.001	0.001	0.001	0.997
0.319	0.001	0.001	0.679
0.001	0.001	0.001	0.997
0.001	0.001	0.001	0.997
0.001	0.001	0.997	0.001
0.001	0.997	0.001	0.001
0.001	0.001	0.997	0.001
0.001	0.001	0.001	0.997
0.001	0.001	0.001	0.997
>CCTGCTATTATC	6-CCTGCTATTATC	12.811246	-22.924404	0	T:4.0(2.26%),B:2.8(0.01%),P:1e-9	Tpos:131.2,Tstd:54.0,Bpos:163.4,Bstd:19.3,StrandBias:-1.6,Multiplicity:1.00
0.001	0.997	0.001	0.001
0.001	0.997	0.001	0.001
0.001	0.001	0.001	0.997
0.001	0.150	0.848	0.001
0.001	0.997	0.001	0.001
0.001	0.001	0.001	0.997
0.997	0.001	0.001	0.001
0.001	0.001	0.001	0.997
0.001	0.001	0.001	0.997
0.848	0.001	0.150	0.001
0.001	0.001	0.001	0.997
0.001	0.997	0.001	0.001
>TCCGGTCHGTTB	7-TCCGGTCHGTTB	11.580426	-22.469231	0	T:6.0(3.39%),B:20.6(0.04%),P:1e-9	Tpos:67.7,Tstd:69.5,Bpos:106.3,Bstd:60.3,StrandBias:2.3,Multiplicity:1.00
0.111	0.001	0.126	0.762
0.001	0.977	0.021	0.001
0.001	0.623	0.001	0.375
0.126	0.126	0.616	0.132
0.011	0.001	0.987	0.001
0.001	0.001	0.273	0.725
0.001	0.990	0.008	0.001
0.385	0.362	0.001	0.252
0.001	0.273	0.725	0.001
0.001	0.110	0.001	0.888
0.001	0.001	0.009	0.989
0.001	0.363	0.258	0.378
>GAACTAKCCACT	8-GAACTAKCCACT	7.896050	-22.154957	0	T:20.0(11.30%),B:922.5(1.89%),P:1e-9	Tpos:112.9,Tstd:43.4,Bpos:97.7,Bstd:57.3,StrandBias:0.4,Multiplicity:1.15
0.001	0.001	0.844	0.154
0.682	0.163	0.154	0.001
0.700	0.068	0.077	0.155
0.227	0.545	0.227	0.001
0.077	0.158	0.001	0.764
0.787	0.077	0.001	0.135
0.001	0.072	0.390	0.537
0.001	0.997	0.001	0.001
0.001	0.767	0.001	0.231
0.917	0.081	0.001	0.001
0.159	0.608	0.001	0.232
0.001	0.154	0.001	0.844
>AGATGGCAGAGA	9-AGATGGCAGAGA	9.728730	-21.554989	0	T:15.0(8.47%),B:485.4(0.99%),P:1e-9	Tpos:115.5,Tstd:51.4,Bpos:103.1,Bstd:57.0,StrandBias:0.2,Multiplicity:1.21
0.832	0.001	0.078	0.089
0.092	0.126	0.781	0.001
0.476	0.153	0.293	0.078
0.001	0.089	0.125	0.785
0.067	0.089	0.843	0.001
0.156	0.001	0.842	0.001
0.001	0.921	0.077	0.001
0.997	0.001	0.001	0.001
0.089	0.001	0.909	0.001
0.924	0.001	0.072	0.003
0.001	0.089	0.909	0.001
0.791	0.144	0.001	0.064
>TCGKCTSCTMSS	10-TCGKCTSCTMSS	10.053041	-20.266839	0	T:6.0(3.39%),B:29.1(0.06%),P:1e-8	Tpos:111.5,Tstd:49.0,Bpos:112.4,Bstd:46.3,StrandBias:1.0,Multiplicity:1.00
0.001	0.001	0.001	0.997
0.001	0.997	0.001	0.001
0.001	0.001	0.997	0.001
0.001	0.018	0.459	0.522
0.001	0.997	0.001	0.001
0.001	0.001	0.001	0.997
0.001	0.540	0.458	0.001
0.001	0.997	0.001	0.001
0.001	0.001	0.001	0.997
0.459	0.519	0.001	0.021
0.001	0.519	0.479	0.001
0.001	0.458	0.540	0.001
>AYGGTYWKTTTT	11-AYGGTYWKTTTT	13.817351	-18.827221	0	T:5.0(2.82%),B:17.4(0.04%),P:1e-8	Tpos:82.2,Tstd:39.3,Bpos:140.5,Bstd:47.3,StrandBias:0.6,Multiplicity:1.00
0.997	0.001	0.001	0.001
0.001	0.540	0.001	0.458
0.001	0.001	0.997	0.001
0.001	0.001	0.997	0.001
0.001	0.001	0.001	0.997
0.001	0.458	0.001	0.540
0.540	0.001	0.001	0.458
0.001	0.001	0.540	0.458
0.001	0.001	0.001	0.997
0.001	0.001	0.001	0.997
0.001	0.001	0.001	0.997
0.001	0.001	0.001	0.997
>GTTCTCCCAGGT	12-GTTCTCCCAGGT	15.368050	-18.541290	0	T:4.0(2.26%),B:6.2(0.01%),P:1e-8	Tpos:88.0,Tstd:58.4,Bpos:97.8,Bstd:59.2,StrandBias:1.6,Multiplicity:1.00
0.001	0.001	0.997	0.001
0.001	0.001	0.001	0.997
0.001	0.001	0.291	0.707
0.001	0.997	0.001	0.001
0.001	0.001	0.001	0.997
0.001	0.997	0.001	0.001
0.001	0.997	0.001	0.001
0.001	0.997	0.001	0.001
0.997	0.001	0.001	0.001
0.001	0.001	0.997	0.001
0.001	0.001	0.997	0.001
0.001	0.001	0.001	0.997
>GGGGACAGCTTT	13-GGGGACAGCTTT	8.647609	-18.265418	0	T:12.0(6.78%),B:361.6(0.74%),P:1e-7	Tpos:123.5,Tstd:46.4,Bpos:101.2,Bstd:55.6,StrandBias:1.0,Multiplicity:1.00
0.236	0.001	0.557	0.206
0.001	0.030	0.968	0.001
0.001	0.001	0.763	0.235
0.001	0.165	0.833	0.001
0.793	0.001	0.001	0.205
0.001	0.997	0.001	0.001
0.587	0.001	0.206	0.206
0.001	0.001	0.997	0.001
0.001	0.997	0.001	0.001
0.001	0.345	0.001	0.653
0.179	0.001	0.001	0.819
0.005	0.001	0.001	0.993
>TCTCTTGGGAGG	14-TCTCTTGGGAGG	12.986942	-17.333408	0	T:5.0(2.82%),B:23.9(0.05%),P:1e-7	Tpos:106.6,Tstd:30.5,Bpos:100.2,Bstd:57.9,StrandBias:0.6,Multiplicity:1.00
0.001	0.001	0.249	0.749
0.001	0.780	0.001	0.218
0.001	0.001	0.218	0.780
0.001	0.997	0.001	0.001
0.001	0.001	0.001	0.997
0.001	0.001	0.001	0.997
0.001	0.001	0.997	0.001
0.001	0.001	0.749	0.249
0.001	0.001	0.997	0.001
0.997	0.001	0.001	0.001
0.001	0.001	0.997	0.001
0.001	0.001	0.997	0.001
>TTTGTGAGGCCA	15-TTTGTGAGGCCA	12.355432	-16.594052	0	T:3.0(1.69%),B:2.6(0.01%),P:1e-7	Tpos:77.3,Tstd:25.7,Bpos:193.0,Bstd:0.0,StrandBias:1.0,Multiplicity:1.00
0.100	0.100	0.100	0.700
0.100	0.100	0.100	0.700
0.100	0.100	0.100	0.700
0.100	0.100	0.700	0.100
0.100	0.100	0.100	0.700
0.100	0.100	0.700	0.100
0.700	0.100	0.100	0.100
0.100	0.100	0.700	0.100
0.100	0.100	0.700	0.100
0.100	0.700	0.100	0.100
0.100	0.700	0.100	0.100
0.700	0.100	0.100	0.100
>ACACATCTCTCA	16-ACACATCTCTCA	10.584399	-15.755679	0	T:8.0(4.52%),B:157.9(0.32%),P:1e-6	Tpos:104.7,Tstd:50.4,Bpos:98.1,Bstd:54.4,StrandBias:1.4,Multiplicity:1.25
0.751	0.124	0.124	0.001
0.001	0.997	0.001	0.001
0.747	0.127	0.001	0.125
0.001	0.875	0.001	0.123
0.875	0.001	0.001	0.123
0.142	0.001	0.001	0.856
0.124	0.751	0.124	0.001
0.001	0.001	0.123	0.875
0.001	0.751	0.247	0.001
0.124	0.109	0.124	0.643
0.001	0.997	0.001	0.001
0.875	0.001	0.001	0.123
>TCCCCCACGCCA	17-TCCCCCACGCCA	8.463612	-9.626489	0	T:18.0(10.17%),B:1729.5(3.54%),P:1e-4	Tpos:106.1,Tstd:48.1,Bpos:96.7,Bstd:59.1,StrandBias:-0.8,Multiplicity:1.12
0.100	0.100	0.100	0.700
0.100	0.700	0.100	0.100
0.100	0.700	0.100	0.100
0.100	0.700	0.100	0.100
0.100	0.700	0.100	0.100
0.100	0.700	0.100	0.100
0.700	0.100	0.100	0.100
0.100	0.700	0.100	0.100
0.100	0.100	0.700	0.100
0.100	0.700	0.100	0.100
0.100	0.700	0.100	0.100
0.700	0.100	0.100	0.100
