>CTAGCCACTT	1-CTAGCCACTT	10.399450	-29.728361	0	T:11.0(6.21%),B:96.8(0.20%),P:1e-12	Tpos:125.7,Tstd:41.0,Bpos:97.9,Bstd:66.5,StrandBias:-0.3,Multiplicity:1.00
0.001	0.812	0.103	0.084
0.001	0.001	0.001	0.997
0.997	0.001	0.001	0.001
0.001	0.001	0.680	0.318
0.001	0.997	0.001	0.001
0.001	0.997	0.001	0.001
0.904	0.001	0.001	0.094
0.001	0.899	0.001	0.099
0.001	0.080	0.001	0.918
0.115	0.001	0.001	0.883
>AATTTCAGTC	2-AATTTCAGTC	12.932034	-27.074582	0	T:7.0(3.95%),B:20.1(0.04%),P:1e-11	Tpos:105.7,Tstd:35.4,Bpos:96.0,Bstd:44.9,StrandBias:1.3,Multiplicity:1.00
0.997	0.001	0.001	0.001
0.997	0.001	0.001	0.001
0.001	0.001	0.001	0.997
0.001	0.001	0.001	0.997
0.001	0.001	0.001	0.997
0.001	0.593	0.001	0.405
0.997	0.001	0.001	0.001
0.001	0.001	0.997	0.001
0.001	0.001	0.001	0.997
0.001	0.997	0.001	0.001
>GTTGGGCGAA	3-GTTGGGCGAA	8.639299	-25.271503	0	T:19.0(10.73%),B:682.0(1.40%),P:1e-10	Tpos:107.5,Tstd:48.0,Bpos:101.7,Bstd:61.5,StrandBias:0.9,Multiplicity:1.00
0.001	0.001	0.997	0.001
0.150	0.001	0.001	0.848
0.001	0.001	0.001	0.997
0.001	0.001	0.997	0.001
0.275	0.001	0.723	0.001
0.001	0.186	0.812	0.001
0.174	0.668	0.083	0.075
0.097	0.207	0.695	0.001
0.711	0.079	0.092	0.118
0.700	0.001	0.298	0.001
>CCTGTAACTT	4-CCTGTAACTT	8.936233	-24.759856	0	T:14.0(7.91%),B:317.8(0.65%),P:1e-10	Tpos:96.9,Tstd:53.8,Bpos:99.8,Bstd:61.8,StrandBias:0.6,Multiplicity:1.07
0.079	0.858	0.001	0.062
0.001	0.997	0.001	0.001
0.001	0.171	0.001	0.827
0.001	0.082	0.853	0.064
0.067	0.078	0.001	0.854
0.862	0.064	0.073	0.001
0.997	0.001	0.001	0.001
0.001	0.997	0.001	0.001
0.001	0.074	0.001	0.924
0.104	0.001	0.001	0.894
>CTGTACTCGC	5-CTGTACTCGC	8.995225	-23.008782	0	T:7.0(3.95%),B:36.7(0.08%),P:1e-9	Tpos:99.3,Tstd:62.5,Bpos:99.0,Bstd:67.3,StrandBias:0.4,Multiplicity:1.00
0.001	0.997	0.001	0.001
0.001	0.001	0.078	0.920
0.001	0.001	0.997	0.001
0.001	0.001	0.001	0.997
0.997	0.001	0.001	0.001
0.001	0.997	0.001	0.001
0.001	0.001	0.001	0.997
0.001	0.571	0.327	0.101
0.001	0.001	0.997	0.001
0.001	0.997	0.001	0.001
>TTTTTGCGTT	6-TTTTTGCGTT	12.289439	-20.156809	0	T:5.0(2.82%),B:13.8(0.03%),P:1e-8	Tpos:105.6,Tstd:67.9,Bpos:81.3,Bstd:55.6,StrandBias:-0.6,Multiplicity:1.00
0.001	0.001	0.001	0.997
0.001	0.001	0.001	0.997
0.299	0.213	0.001	0.487
0.001	0.001	0.001	0.997
0.001	0.001	0.001	0.997
0.001	0.001	0.997	0.001
0.001	0.997	0.001	0.001
0.001	0.001	0.997	0.001
0.001	0.001	0.001	0.997
0.001	0.001	0.001	0.997
>CGCTCTGCCA	7-CGCTCTGCCA	8.111350	-18.533754	0	T:21.0(11.86%),B:1264.9(2.59%),P:1e-8	Tpos:113.6,Tstd:48.4,Bpos:100.7,Bstd:56.1,StrandBias:-0.5,Multiplicity:1.05
0.097	0.730	0.091	0.082
0.050	0.061	0.716	0.173
0.001	0.593	0.001	0.405
0.236	0.004	0.070	0.690
0.077	0.921	0.001	0.001
0.001	0.074	0.088	0.837
0.001	0.185	0.806	0.008
0.001	0.894	0.001	0.104
0.114	0.790	0.001	0.095
0.778	0.001	0.005	0.216
>ATGGCCGCAC	8-ATGGCCGCAC	11.237474	-17.143867	0	T:7.0(3.95%),B:85.9(0.18%),P:1e-7	Tpos:78.3,Tstd:36.9,Bpos:117.5,Bstd:60.6,StrandBias:-0.4,Multiplicity:1.00
0.997	0.001	0.001	0.001
0.001	0.001	0.166	0.832
0.001	0.001	0.997	0.001
0.001	0.001	0.997	0.001
0.001	0.997	0.001	0.001
0.116	0.882	0.001	0.001
0.001	0.126	0.624	0.249
0.001	0.997	0.001	0.001
0.837	0.161	0.001	0.001
0.001	0.997	0.001	0.001
>CCGTTCGCAA	9-CCGTTCGCAA	11.519669	-16.594052	0	T:3.0(1.69%),B:2.6(0.01%),P:1e-7	Tpos:69.3,Tstd:46.4,Bpos:169.0,Bstd:0.0,StrandBias:1.0,Multiplicity:1.00
0.001	0.840	0.158	0.001
0.001	0.997	0.001	0.001
0.001	0.180	0.818	0.001
0.001	0.001	0.001	0.997
0.001	0.001	0.128	0.870
0.158	0.683	0.001	0.158
0.158	0.001	0.840	0.001
0.001	0.840	0.158	0.001
0.508	0.001	0.310	0.181
0.660	0.158	0.001	0.181
>CGGTCAGTTC	10-CGGTCAGTTC	8.195135	-15.708573	0	T:5.0(2.82%),B:32.4(0.07%),P:1e-6	Tpos:60.4,Tstd:46.6,Bpos:104.0,Bstd:65.4,StrandBias:0.7,Multiplicity:1.60
0.001	0.997	0.001	0.001
0.001	0.001	0.997	0.001
0.001	0.001	0.997	0.001
0.001	0.001	0.001	0.997
0.001	0.925	0.001	0.073
0.963	0.001	0.001	0.035
0.001	0.001	0.997	0.001
0.001	0.001	0.001	0.997
0.001	0.001	0.001	0.997
0.001	0.808	0.082	0.109
>GGCTCGTGTT	11-GGCTCGTGTT	8.330265	-15.371998	0	T:12.0(6.78%),B:473.8(0.97%),P:1e-6	Tpos:108.6,Tstd:49.8,Bpos:95.0,Bstd:58.7,StrandBias:0.5,Multiplicity:1.00
0.001	0.001	0.997	0.001
0.001	0.057	0.727	0.215
0.001	0.800	0.107	0.092
0.001	0.001	0.120	0.878
0.001	0.799	0.086	0.114
0.084	0.057	0.790	0.069
0.001	0.208	0.199	0.592
0.001	0.001	0.752	0.246
0.001	0.083	0.001	0.915
0.001	0.132	0.068	0.799
>TGATTATTTT	12-TGATTATTTT	10.063170	-15.267944	0	T:13.0(7.34%),B:574.2(1.18%),P:1e-6	Tpos:101.6,Tstd:60.2,Bpos:105.3,Bstd:59.6,StrandBias:-1.5,Multiplicity:1.15
0.001	0.001	0.001	0.997
0.001	0.001	0.940	0.058
0.783	0.072	0.093	0.052
0.001	0.001	0.101	0.897
0.098	0.001	0.100	0.801
0.905	0.001	0.001	0.093
0.001	0.001	0.136	0.862
0.001	0.001	0.001	0.997
0.001	0.001	0.001	0.997
0.001	0.001	0.111	0.887
>TTAGCTGCCG	13-TTAGCTGCCG	10.296193	-13.853194	0	T:3.0(1.69%),B:5.6(0.01%),P:1e-6	Tpos:108.3,Tstd:67.4,Bpos:88.0,Bstd:41.4,StrandBias:1.0,Multiplicity:1.00
0.100	0.100	0.100	0.700
0.100	0.100	0.100	0.700
0.700	0.100	0.100	0.100
0.100	0.100	0.700	0.100
0.100	0.700	0.100	0.100
0.100	0.100	0.100	0.700
0.100	0.100	0.700	0.100
0.100	0.700	0.100	0.100
0.100	0.700	0.100	0.100
0.100	0.100	0.700	0.100
>ATCTGCGCTG	14-ATCTGCGCTG	10.509239	-13.047061	0	T:4.0(2.26%),B:24.5(0.05%),P:1e-5	Tpos:52.4,Tstd:37.0,Bpos:99.2,Bstd:53.2,StrandBias:-0.6,Multiplicity:1.25
0.997	0.001	0.001	0.001
0.001	0.001	0.001	0.997
0.001	0.997	0.001	0.001
0.231	0.001	0.001	0.767
0.001	0.001	0.997	0.001
0.001	0.997	0.001	0.001
0.001	0.001	0.997	0.001
0.001	0.997	0.001	0.001
0.001	0.155	0.001	0.843
0.001	0.001	0.997	0.001
>GCGACAAAAG	15-GCGACAAAAG	9.028556	-9.636933	0	T:5.0(2.82%),B:113.6(0.23%),P:1e-4	Tpos:124.9,Tstd:57.4,Bpos:97.5,Bstd:63.7,StrandBias:2.6,Multiplicity:1.40
0.001	0.001	0.997	0.001
0.136	0.818	0.045	0.001
0.001	0.001	0.997	0.001
0.997	0.001	0.001	0.001
0.001	0.997	0.001	0.001
0.997	0.001	0.001	0.001
0.997	0.001	0.001	0.001
0.817	0.001	0.001	0.181
0.997	0.001	0.001	0.001
0.001	0.001	0.997	0.001
