>AAACGAAA	1-AAACGAAA	6.447466	-17.942962	0	T:18.0(10.17%),B:952.9(1.95%),P:1e-7	Tpos:92.2,Tstd:50.7,Bpos:101.3,Bstd:64.8,StrandBias:0.8,Multiplicity:1.06
0.785	0.001	0.213	0.001
0.997	0.001	0.001	0.001
0.997	0.001	0.001	0.001
0.001	0.997	0.001	0.001
0.001	0.001	0.997	0.001
0.762	0.021	0.216	0.001
0.593	0.405	0.001	0.001
0.997	0.001	0.001	0.001
>ATCCACGT	2-ATCCACGT	6.105287	-16.596401	0	T:31.0(17.51%),B:2895.1(5.93%),P:1e-7	Tpos:107.3,Tstd:50.0,Bpos:99.1,Bstd:60.1,StrandBias:-0.7,Multiplicity:1.10
0.997	0.001	0.001	0.001
0.001	0.001	0.183	0.815
0.001	0.747	0.001	0.251
0.001	0.585	0.386	0.028
0.997	0.001	0.001	0.001
0.001	0.915	0.001	0.083
0.001	0.001	0.874	0.124
0.001	0.001	0.230	0.768
>TGGCAGAG	3-TGGCAGAG	6.213025	-15.995759	0	T:46.0(25.99%),B:5678.7(11.63%),P:1e-6	Tpos:98.8,Tstd:52.2,Bpos:100.2,Bstd:59.4,StrandBias:-0.2,Multiplicity:1.18
0.001	0.075	0.001	0.923
0.057	0.001	0.941	0.001
0.001	0.001	0.997	0.001
0.001	0.997	0.001	0.001
0.971	0.027	0.001	0.001
0.104	0.001	0.894	0.001
0.771	0.001	0.154	0.074
0.053	0.066	0.880	0.001
>TCCCCCAC	4-TCCCCCAC	7.758288	-12.432246	0	T:28.0(15.82%),B:2990.5(6.13%),P:1e-5	Tpos:105.1,Tstd:52.6,Bpos:100.8,Bstd:60.9,StrandBias:0.0,Multiplicity:1.07
0.001	0.001	0.170	0.828
0.001	0.997	0.001	0.001
0.001	0.997	0.001	0.001
0.001	0.935	0.063	0.001
0.001	0.997	0.001	0.001
0.001	0.997	0.001	0.001
0.946	0.001	0.052	0.001
0.001	0.898	0.001	0.100
>GHGTCGAA	5-GHGTCGAA	5.276095	-11.884222	0	T:38.0(21.47%),B:4952.8(10.14%),P:1e-5	Tpos:102.4,Tstd:53.8,Bpos:99.3,Bstd:58.6,StrandBias:-0.4,Multiplicity:1.22
0.001	0.001	0.997	0.001
0.416	0.268	0.001	0.315
0.001	0.212	0.786	0.001
0.064	0.347	0.060	0.529
0.001	0.883	0.115	0.001
0.001	0.001	0.997	0.001
0.997	0.001	0.001	0.001
0.938	0.001	0.060	0.001
