<!DOCTYPE HTML>
<html>
  <head>
    <meta charset="UTF-8">
    <title>Tomtom Results</title>
    <script>
      // @JSON_VAR data
      var data = {
        "program": "Tomtom",
        "version": "5.4.1",
        "release": "Sat Aug 21 19:23:23 2021 -0700",
        "cmd": [
          "tomtom", "-verbosity", "1", "-oc",
          "peaksSet1_all_nearest_gene_MEME_ChIP/streme_tomtom_out",
          "-min-overlap", "5", "-dist", "pearson", "-evalue", "-thresh", "1",
          "-no-ssc",
          "peaksSet1_all_nearest_gene_MEME_ChIP/streme_out/streme.xml",
          "/wistar/gardini/tools/meme/db/motif_databases/MOUSE/uniprobe_mouse.meme",
          "/wistar/gardini/tools/meme/db/motif_databases/JASPAR/JASPAR2022_CORE_vertebrates_non-redundant_v2.meme",
          "/wistar/gardini/tools/meme/db/motif_databases/EUKARYOTE/jolma2013.meme"
        ],
        "options": {
          "strands": "both",
          "distance_measure": "pearson",
          "threshold_type": "evalue",
          "threshold_value": 1,
          "background_source": "--query--"
        },
        "alphabet": {
          "name": "DNA",
          "like": "dna",
          "ncore": 4,
          "symbols": [
            {
              "symbol": "A",
              "name": "Adenine",
              "colour": "CC0000",
              "complement": "T"
            }, {
              "symbol": "C",
              "name": "Cytosine",
              "colour": "0000CC",
              "complement": "G"
            }, {
              "symbol": "G",
              "name": "Guanine",
              "colour": "FFB300",
              "complement": "C"
            }, {
              "symbol": "T",
              "aliases": "U",
              "name": "Thymine",
              "colour": "008000",
              "complement": "A"
            }, {
              "symbol": "N",
              "aliases": "X.",
              "name": "Any base",
              "equals": "ACGT"
            }, {
              "symbol": "V",
              "name": "Not T",
              "equals": "ACG"
            }, {
              "symbol": "H",
              "name": "Not G",
              "equals": "ACT"
            }, {
              "symbol": "D",
              "name": "Not C",
              "equals": "AGT"
            }, {
              "symbol": "B",
              "name": "Not A",
              "equals": "CGT"
            }, {
              "symbol": "M",
              "name": "Amino",
              "equals": "AC"
            }, {
              "symbol": "R",
              "name": "Purine",
              "equals": "AG"
            }, {
              "symbol": "W",
              "name": "Weak",
              "equals": "AT"
            }, {
              "symbol": "S",
              "name": "Strong",
              "equals": "CG"
            }, {
              "symbol": "Y",
              "name": "Pyrimidine",
              "equals": "CT"
            }, {
              "symbol": "K",
              "name": "Keto",
              "equals": "GT"
            }
          ]
        },
        "background": [0.25, 0.25, 0.25, 0.25],
        "query_dbs": [
          {
            "source": "peaksSet1_all_nearest_gene_MEME_ChIP/streme_out/streme.xml",
            "name": "streme.xml",
            "loaded": 15,
            "excluded": 0,
            "last_modified": "Thu Dec 14 18:07:51 2023"
          }
        ],
        "target_dbs": [
          {
            "source": "/wistar/gardini/tools/meme/db/motif_databases/MOUSE/uniprobe_mouse.meme",
            "name": "uniprobe_mouse",
            "loaded": 386,
            "excluded": 0,
            "last_modified": "Thu Mar 17 20:59:31 2022"
          }, {
            "source": "/wistar/gardini/tools/meme/db/motif_databases/JASPAR/JASPAR2022_CORE_vertebrates_non-redundant_v2.meme",
            "name": "JASPAR2022_CORE_vertebrates_non-redundant_v2",
            "loaded": 841,
            "excluded": 0,
            "last_modified": "Thu Mar 17 20:57:27 2022"
          }, {
            "source": "/wistar/gardini/tools/meme/db/motif_databases/EUKARYOTE/jolma2013.meme",
            "name": "jolma2013",
            "loaded": 843,
            "excluded": 0,
            "last_modified": "Thu Mar 17 20:57:23 2022"
          }
        ],
        "queries": [
          {
            "db": 0,
            "id": "1-RGCCCCGCCCCY",
            "alt": "STREME-1",
            "len": 12,
            "nsites": 947,
            "evalue": "3.1e-011",
            "pwm": [
              [0.291706, 0.145928, 0.465585, 0.0967813], 
              [0.113621, 8.50534e-05, 0.805529, 0.0807637], 
              [0.0234058, 0.848222, 0.0134393, 0.114933], 
              [0.0406486, 0.829187, 8.50534e-05, 0.13008], 
              [0.0844151, 0.915433, 8.50534e-05, 6.67552e-05], 
              [6.67552e-05, 0.999782, 8.50534e-05, 6.67552e-05], 
              [0.026488, 8.50534e-05, 0.973361, 6.67552e-05], 
              [6.67552e-05, 0.999782, 8.50534e-05, 6.67552e-05], 
              [6.67552e-05, 0.999782, 8.50534e-05, 6.67552e-05], 
              [6.67552e-05, 0.816607, 8.50534e-05, 0.183241], 
              [0.148651, 0.721616, 0.011867, 0.117867], 
              [0.0788498, 0.422902, 0.136562, 0.361686]
            ]
          }, {
            "db": 0,
            "id": "10-AACCACA",
            "alt": "STREME-10",
            "len": 7,
            "nsites": 109,
            "evalue": "2.5e-002",
            "pwm": [
              [0.926997, 0.0271318, 0.0271318, 0.0187395], 
              [0.926997, 0.0271318, 0.0271318, 0.0187395], 
              [0.0187395, 0.935389, 0.0271318, 0.0187395], 
              [0.0187395, 0.935389, 0.0271318, 0.0187395], 
              [0.926997, 0.0271318, 0.0271318, 0.0187395], 
              [0.0187395, 0.935389, 0.0271318, 0.0187395], 
              [0.926997, 0.0271318, 0.0271318, 0.0187395]
            ]
          }, {
            "db": 0,
            "id": "11-AAATRTCCACTTGC",
            "alt": "STREME-11",
            "len": 14,
            "nsites": 67,
            "evalue": "3.1e-002",
            "pwm": [
              [0.951139, 0.0163551, 0.0163551, 0.0161508], 
              [0.966467, 0.0163551, 0.00102746, 0.0161508], 
              [0.935811, 0.0163551, 0.0316828, 0.0161508], 
              [0.000823166, 0.00102746, 0.0163551, 0.981794], 
              [0.537292, 0.123649, 0.307581, 0.0314786], 
              [0.000823166, 0.0163551, 0.0163551, 0.966467], 
              [0.0468062, 0.90536, 0.0316828, 0.0161508], 
              [0.0161508, 0.966671, 0.00102746, 0.0161508], 
              [0.981794, 0.0163551, 0.00102746, 0.000823166], 
              [0.0161508, 0.874705, 0.0470105, 0.0621339], 
              [0.0468062, 0.0623382, 0.0316828, 0.859173], 
              [0.0468062, 0.00102746, 0.0163551, 0.935811], 
              [0.0161508, 0.230942, 0.7061, 0.0468062], 
              [0.0161508, 0.966671, 0.00102746, 0.0161508]
            ]
          }, {
            "db": 0,
            "id": "12-AGTTTCTGAGAATG",
            "alt": "STREME-12",
            "len": 14,
            "nsites": 64,
            "evalue": "3.1e-002",
            "pwm": [
              [0.92817, 0.0182954, 0.00112368, 0.0524101], 
              [0.000894815, 0.00112368, 0.962743, 0.0352384], 
              [0.0180666, 0.00112368, 0.0182954, 0.962515], 
              [0.000894815, 0.00112368, 0.00112368, 0.996858], 
              [0.0524101, 0.00112368, 0.00112368, 0.945343], 
              [0.000894815, 0.997087, 0.00112368, 0.000894815], 
              [0.000894815, 0.00112368, 0.00112368, 0.996858], 
              [0.000894815, 0.104154, 0.876884, 0.0180666], 
              [0.945343, 0.00112368, 0.0354672, 0.0180666], 
              [0.000894815, 0.0182954, 0.979915, 0.000894815], 
              [0.962515, 0.00112368, 0.0182954, 0.0180666], 
              [0.945343, 0.00112368, 0.0354672, 0.0180666], 
              [0.000894815, 0.0182954, 0.0182954, 0.962515], 
              [0.000894815, 0.00112368, 0.894056, 0.103925]
            ]
          }, {
            "db": 0,
            "id": "13-CTCTTTTTGTAGWAT",
            "alt": "STREME-13",
            "len": 15,
            "nsites": 71,
            "evalue": "6.3e-002",
            "pwm": [
              [0.000809269, 0.966229, 0.0165847, 0.0163772], 
              [0.0475131, 0.00101676, 0.00101676, 0.950453], 
              [0.000809269, 0.981796, 0.0165847, 0.000809269], 
              [0.000809269, 0.0632885, 0.0165847, 0.919317], 
              [0.0163772, 0.0165847, 0.0477206, 0.919317], 
              [0.000809269, 0.0165847, 0.00101676, 0.98159], 
              [0.000809269, 0.0788564, 0.0165847, 0.903749], 
              [0.0163772, 0.00101676, 0.0165847, 0.966022], 
              [0.000809269, 0.0477206, 0.950661, 0.000809269], 
              [0.000809269, 0.0321526, 0.0477206, 0.919317], 
              [0.794774, 0.00101676, 0.2034, 0.000809269], 
              [0.109784, 0.0165847, 0.872821, 0.000809269], 
              [0.607959, 0.00101676, 0.0477206, 0.343304], 
              [0.934885, 0.00101676, 0.0632885, 0.000809269], 
              [0.000809269, 0.0165847, 0.00101676, 0.98159]
            ]
          }, {
            "db": 0,
            "id": "14-GTAAAYA",
            "alt": "STREME-14",
            "len": 7,
            "nsites": 220,
            "evalue": "2.5e-001",
            "pwm": [
              [0.106005, 0.00807452, 0.875667, 0.0102533], 
              [0.000718235, 0.000992374, 0.000992374, 0.997297], 
              [0.994551, 0.000992374, 0.000992374, 0.00346491], 
              [0.799697, 0.0127522, 0.073578, 0.113973], 
              [0.92703, 0.0641863, 0.00806523, 0.000718235], 
              [0.000718235, 0.404394, 0.000992374, 0.593896], 
              [0.997297, 0.000992374, 0.000992374, 0.000718235]
            ]
          }, {
            "db": 0,
            "id": "15-ACTTCCGGKC",
            "alt": "STREME-15",
            "len": 10,
            "nsites": 111,
            "evalue": "3.8e-001",
            "pwm": [
              [0.773304, 0.000593422, 0.156644, 0.0694593], 
              [0.000478499, 0.948178, 0.0508648, 0.000478499], 
              [0.0837748, 0.00921725, 0.026461, 0.880547], 
              [0.000478499, 0.0779584, 0.150571, 0.770993], 
              [0.000478499, 0.99845, 0.000593422, 0.000478499], 
              [0.0702632, 0.890596, 0.0350835, 0.00405754], 
              [0.000478499, 0.108923, 0.890119, 0.000478499], 
              [0.0702617, 0.000593422, 0.928667, 0.000478499], 
              [0.000478499, 0.112688, 0.444451, 0.442383], 
              [0.114687, 0.501929, 0.150097, 0.233288]
            ]
          }, {
            "db": 0,
            "id": "2-DVTGASTCABH",
            "alt": "STREME-2",
            "len": 11,
            "nsites": 353,
            "evalue": "2.9e-009",
            "pwm": [
              [0.251715, 0.145078, 0.358167, 0.245039], 
              [0.341817, 0.274051, 0.367161, 0.0169715], 
              [0.000157403, 0.000196668, 0.000196668, 0.99945], 
              [0.000157403, 0.000196668, 0.937874, 0.0617721], 
              [0.99945, 0.000196668, 0.000196668, 0.000157403], 
              [0.0493768, 0.450623, 0.450623, 0.0493768], 
              [0.000157403, 0.000196668, 0.000196668, 0.99945], 
              [0.0617721, 0.937874, 0.000196668, 0.000157403], 
              [0.99945, 0.000196668, 0.000196668, 0.000157403], 
              [0.0169715, 0.367161, 0.274051, 0.341817], 
              [0.245039, 0.358167, 0.145078, 0.251715]
            ]
          }, {
            "db": 0,
            "id": "3-RRCCAATSRGM",
            "alt": "STREME-3",
            "len": 11,
            "nsites": 517,
            "evalue": "3.5e-005",
            "pwm": [
              [0.524116, 0.0215758, 0.403636, 0.0506721], 
              [0.305716, 0.0422193, 0.582103, 0.0699616], 
              [0.000113448, 0.99963, 0.000142963, 0.000113448], 
              [0.002328, 0.997415, 0.000142963, 0.000113448], 
              [0.995172, 0.000142963, 0.000142963, 0.00454254], 
              [0.999601, 0.000142963, 0.000142963, 0.000113448], 
              [0.000113448, 0.0289321, 0.00235751, 0.968597], 
              [0.124391, 0.564359, 0.311136, 0.000113448], 
              [0.63759, 0.0431387, 0.319158, 0.000113448], 
              [0.142986, 0.203673, 0.592515, 0.0608254], 
              [0.450562, 0.283604, 0.19966, 0.0661741]
            ]
          }, {
            "db": 0,
            "id": "4-CCCCACCC",
            "alt": "STREME-4",
            "len": 8,
            "nsites": 141,
            "evalue": "1.3e-003",
            "pwm": [
              [0.0186913, 0.935532, 0.0270854, 0.0186913], 
              [0.0186913, 0.935532, 0.0270854, 0.0186913], 
              [0.0186913, 0.935532, 0.0270854, 0.0186913], 
              [0.0186913, 0.935532, 0.0270854, 0.0186913], 
              [0.927138, 0.0270854, 0.0270854, 0.0186913], 
              [0.0186913, 0.935532, 0.0270854, 0.0186913], 
              [0.0186913, 0.935532, 0.0270854, 0.0186913], 
              [0.0186913, 0.935532, 0.0270854, 0.0186913]
            ]
          }, {
            "db": 0,
            "id": "5-ACTACAAYTCCC",
            "alt": "STREME-5",
            "len": 12,
            "nsites": 104,
            "evalue": "7.9e-003",
            "pwm": [
              [0.998086, 0.000684114, 0.000684114, 0.00054562], 
              [0.00054562, 0.998225, 0.000684114, 0.00054562], 
              [0.00054562, 0.0838125, 0.000684114, 0.914958], 
              [0.998086, 0.000684114, 0.000684114, 0.00054562], 
              [0.00054562, 0.998225, 0.000684114, 0.00054562], 
              [0.800657, 0.0734215, 0.125377, 0.00054562], 
              [0.582444, 0.125377, 0.0838125, 0.208367], 
              [0.094065, 0.385153, 0.187723, 0.333059], 
              [0.0525009, 0.104595, 0.0318573, 0.811048], 
              [0.0109367, 0.935879, 0.000684114, 0.0525009], 
              [0.00054562, 0.998225, 0.000684114, 0.00054562], 
              [0.00054562, 0.998225, 0.000684114, 0.00054562]
            ]
          }, {
            "db": 0,
            "id": "6-RTTCAACTC",
            "alt": "STREME-6",
            "len": 9,
            "nsites": 82,
            "evalue": "1.6e-002",
            "pwm": [
              [0.626028, 0.000914848, 0.372332, 0.000724452], 
              [0.0864362, 0.000914848, 0.00519532, 0.907453], 
              [0.000724452, 0.0248883, 0.0354166, 0.938971], 
              [0.015011, 0.98335, 0.000914848, 0.000724452], 
              [0.983158, 0.000914848, 0.0152023, 0.000724452], 
              [0.997445, 0.000914848, 0.000914848, 0.000724452], 
              [0.000724452, 0.834452, 0.164099, 0.000724452], 
              [0.000724452, 0.000914848, 0.000914848, 0.997445], 
              [0.0435803, 0.948851, 0.000914848, 0.006654]
            ]
          }, {
            "db": 0,
            "id": "7-ATAAAAACTAGA",
            "alt": "STREME-7",
            "len": 12,
            "nsites": 62,
            "evalue": "1.6e-002",
            "pwm": [
              [0.978608, 0.00117612, 0.0192811, 0.000934811], 
              [0.000934811, 0.0192811, 0.0192811, 0.960503], 
              [0.906188, 0.0554913, 0.0373862, 0.000934811], 
              [0.942398, 0.0554913, 0.00117612, 0.000934811], 
              [0.978608, 0.00117612, 0.0192811, 0.000934811], 
              [0.978608, 0.0192811, 0.00117612, 0.000934811], 
              [0.815663, 0.00117612, 0.0373862, 0.145775], 
              [0.000934811, 0.870219, 0.127912, 0.000934811], 
              [0.0371449, 0.0735963, 0.0554913, 0.833767], 
              [0.942398, 0.0192811, 0.0192811, 0.0190399], 
              [0.0371449, 0.109806, 0.815903, 0.0371449], 
              [0.960503, 0.00117612, 0.0373862, 0.000934811]
            ]
          }, {
            "db": 0,
            "id": "8-ACGTCAC",
            "alt": "STREME-8",
            "len": 7,
            "nsites": 344,
            "evalue": "1.8e-002",
            "pwm": [
              [0.881532, 0.0115859, 0.0820775, 0.0248042], 
              [0.0319139, 0.955771, 0.011962, 0.000353382], 
              [0.252759, 0.00048066, 0.746407, 0.000353382], 
              [0.0227192, 0.00048066, 0.00939874, 0.967401], 
              [0.00428001, 0.841351, 0.146807, 0.00756233], 
              [0.974977, 0.00313291, 0.0175291, 0.00436037], 
              [0.0348416, 0.891393, 0.0301785, 0.0435871]
            ]
          }, {
            "db": 0,
            "id": "9-AAAGGAA",
            "alt": "STREME-9",
            "len": 7,
            "nsites": 156,
            "evalue": "2.2e-002",
            "pwm": [
              [0.927184, 0.0270702, 0.0270702, 0.0186756], 
              [0.927184, 0.0270702, 0.0270702, 0.0186756], 
              [0.927184, 0.0270702, 0.0270702, 0.0186756], 
              [0.0186756, 0.0270702, 0.935579, 0.0186756], 
              [0.0186756, 0.0270702, 0.935579, 0.0186756], 
              [0.927184, 0.0270702, 0.0270702, 0.0186756], 
              [0.927184, 0.0270702, 0.0270702, 0.0186756]
            ]
          }
        ],
        "targets": [
          {
            "db": 0,
            "id": "UP00000_2",
            "alt": "Smad3_secondary",
            "len": 17,
            "nsites": 20,
            "url": "http://thebrain.bwh.harvard.edu/uniprobe/details2.php?id=00000",
            "pwm": [
              [0.151162, 0.132367, 0.245687, 0.470783], 
              [0.316485, 0.287128, 0.151322, 0.245065], 
              [0.256441, 0.408275, 0.110398, 0.224887], 
              [0.210842, 0.22037, 0.344537, 0.224251], 
              [0.167094, 0.507651, 0.0825134, 0.242741], 
              [0.0503493, 0.756846, 0.0892925, 0.103512], 
              [0.048605, 0.782882, 0.122594, 0.0459184], 
              [0.00582687, 0.941476, 0.0357672, 0.0169294], 
              [0.0412955, 0.0516438, 0.887196, 0.0198637], 
              [0.00426667, 0.910397, 0.0235811, 0.0617552], 
              [0.0297731, 0.938037, 0.0134587, 0.0187313], 
              [0.633326, 0.14028, 0.111189, 0.115205], 
              [0.240066, 0.385272, 0.183182, 0.191481], 
              [0.210627, 0.274007, 0.085991, 0.429375], 
              [0.0889234, 0.45358, 0.209193, 0.248303], 
              [0.181611, 0.264953, 0.149525, 0.40391], 
              [0.101811, 0.252669, 0.367952, 0.277568]
            ]
          }, {
            "db": 0,
            "id": "UP00002_1",
            "alt": "Sp4_primary",
            "len": 17,
            "nsites": 20,
            "url": "http://thebrain.bwh.harvard.edu/uniprobe/details2.php?id=00002",
            "pwm": [
              [0.155857, 0.223512, 0.373835, 0.246796], 
              [0.24712, 0.160032, 0.344638, 0.24821], 
              [0.238944, 0.258312, 0.165725, 0.337019], 
              [0.255584, 0.488394, 0.052608, 0.203415], 
              [0.449104, 0.543913, 0.00230945, 0.00467363], 
              [0.00492935, 0.98732, 0.00368756, 0.00406269], 
              [0.0365711, 0.00304876, 0.924755, 0.0356249], 
              [0.00273035, 0.987717, 0.0046408, 0.00491144], 
              [0.00427363, 0.986943, 0.0064, 0.00238308], 
              [0.00222886, 0.959689, 0.00245274, 0.0356289], 
              [0.148523, 0.835469, 0.00190647, 0.0141015], 
              [0.0154338, 0.902584, 0.00840796, 0.0735741], 
              [0.0842229, 0.269968, 0.0593214, 0.586488], 
              [0.149643, 0.2866, 0.143335, 0.420422], 
              [0.205076, 0.346711, 0.253339, 0.194873], 
              [0.184768, 0.29966, 0.194685, 0.320888], 
              [0.126411, 0.379462, 0.245341, 0.248786]
            ]
          }, {
            "db": 0,
            "id": "UP00002_2",
            "alt": "Sp4_secondary",
            "len": 15,
            "nsites": 20,
            "url": "http://thebrain.bwh.harvard.edu/uniprobe/details2.php?id=00002",
            "pwm": [
              [0.14685, 0.312016, 0.244309, 0.296826], 
              [0.491945, 0.093392, 0.162941, 0.25172], 
              [0.502331, 0.060809, 0.0784189, 0.358442], 
              [0.760767, 0.0164318, 0.213298, 0.00950348], 
              [0.013597, 0.0270468, 0.942042, 0.0173144], 
              [0.00792338, 0.0163891, 0.946615, 0.0290726], 
              [0.0633483, 0.831396, 0.0554726, 0.0497831], 
              [0.012199, 0.0218179, 0.925444, 0.0405403], 
              [0.0139652, 0.0252856, 0.14634, 0.814409], 
              [0.134174, 0.0350368, 0.7852, 0.0455891], 
              [0.141241, 0.180827, 0.427366, 0.250567], 
              [0.0373443, 0.803644, 0.0345871, 0.124425], 
              [0.158368, 0.407818, 0.123062, 0.310751], 
              [0.291975, 0.259967, 0.197776, 0.250282], 
              [0.251101, 0.125104, 0.358902, 0.264893]
            ]
          }, {
            "db": 0,
            "id": "UP00007_1",
            "alt": "Egr1_primary",
            "len": 14,
            "nsites": 20,
            "url": "http://thebrain.bwh.harvard.edu/uniprobe/details2.php?id=00007",
            "pwm": [
              [0.211738, 0.282545, 0.203703, 0.302013], 
              [0.142525, 0.720087, 0.0558249, 0.0815632], 
              [0.0336866, 0.874052, 0.0136139, 0.0786488], 
              [0.115797, 0.0714985, 0.778647, 0.0340587], 
              [0.00474229, 0.986339, 0.00349751, 0.0054209], 
              [0.00593532, 0.978838, 0.0110915, 0.00413532], 
              [0.00286269, 0.972325, 0.00289751, 0.0219144], 
              [0.262291, 0.729335, 0.0039602, 0.00441493], 
              [0.00710448, 0.982096, 0.00331443, 0.00748557], 
              [0.0240229, 0.0912537, 0.647335, 0.237387], 
              [0.0241672, 0.856914, 0.0389682, 0.0799512], 
              [0.566053, 0.0583522, 0.167206, 0.208389], 
              [0.176962, 0.330861, 0.125928, 0.366249], 
              [0.183382, 0.184103, 0.226908, 0.405606]
            ]
          }, {
            "db": 0,
            "id": "UP00011_2",
            "alt": "Irf6_secondary",
            "len": 15,
            "nsites": 20,
            "url": "http://thebrain.bwh.harvard.edu/uniprobe/details2.php?id=00011",
            "pwm": [
              [0.325876, 0.256941, 0.2311, 0.186084], 
              [0.14614, 0.315163, 0.266112, 0.272585], 
              [0.139303, 0.396206, 0.205408, 0.259082], 
              [0.53278, 0.122127, 0.085003, 0.26009], 
              [0.202063, 0.587709, 0.0874368, 0.12279], 
              [0.0325154, 0.0243493, 0.0669632, 0.876172], 
              [0.0235214, 0.886198, 0.0501642, 0.0401164], 
              [0.0432856, 0.295754, 0.0860537, 0.574906], 
              [0.0240348, 0.911878, 0.0227055, 0.0413821], 
              [0.117965, 0.061992, 0.714038, 0.106005], 
              [0.206093, 0.114261, 0.607515, 0.0721313], 
              [0.110903, 0.0857284, 0.274107, 0.529262], 
              [0.233632, 0.384383, 0.151202, 0.230783], 
              [0.333389, 0.136698, 0.311294, 0.21862], 
              [0.21659, 0.309066, 0.28099, 0.193355]
            ]
          }, {
            "db": 0,
            "id": "UP00013_1",
            "alt": "Gabpa_primary",
            "len": 17,
            "nsites": 20,
            "url": "http://thebrain.bwh.harvard.edu/uniprobe/details2.php?id=00013",
            "pwm": [
              [0.347094, 0.361941, 0.123201, 0.167764], 
              [0.291309, 0.289287, 0.243364, 0.17604], 
              [0.443713, 0.20252, 0.118378, 0.235388], 
              [0.28664, 0.160938, 0.155471, 0.396951], 
              [0.774584, 0.0322567, 0.139222, 0.0539383], 
              [0.0213303, 0.932048, 0.042205, 0.00441791], 
              [0.0459741, 0.943946, 0.00772836, 0.00235025], 
              [0.00618109, 0.00354726, 0.98732, 0.00295124], 
              [0.00380299, 0.00399602, 0.988662, 0.0035393], 
              [0.98536, 0.00295821, 0.00300398, 0.00867761], 
              [0.895438, 0.00543582, 0.00235323, 0.0967731], 
              [0.220086, 0.0217473, 0.752042, 0.00612537], 
              [0.0228219, 0.135034, 0.015604, 0.82654], 
              [0.197587, 0.177265, 0.361905, 0.263243], 
              [0.245998, 0.264791, 0.197598, 0.291613], 
              [0.322975, 0.203247, 0.196063, 0.277715], 
              [0.279209, 0.250352, 0.25047, 0.219969]
            ]
          }, {
            "db": 0,
            "id": "UP00015_1",
            "alt": "Ehf_primary",
            "len": 15,
            "nsites": 20,
            "url": "http://thebrain.bwh.harvard.edu/uniprobe/details2.php?id=00015",
            "pwm": [
              [0.326854, 0.303768, 0.232263, 0.137115], 
              [0.198563, 0.222894, 0.316091, 0.262453], 
              [0.252361, 0.217243, 0.267124, 0.263271], 
              [0.631872, 0.0408458, 0.0379741, 0.289307], 
              [0.160851, 0.384039, 0.220817, 0.234294], 
              [0.134781, 0.588847, 0.265994, 0.0103771], 
              [0.211127, 0.753461, 0.0314706, 0.0039403], 
              [0.0130408, 0.00270846, 0.980486, 0.00376418], 
              [0.00446269, 0.0028408, 0.985786, 0.00691045], 
              [0.980536, 0.00364975, 0.00407164, 0.0117423], 
              [0.881335, 0.00388159, 0.00332836, 0.111455], 
              [0.249052, 0.0555791, 0.688745, 0.00662388], 
              [0.125226, 0.155143, 0.048604, 0.671027], 
              [0.374594, 0.111255, 0.230472, 0.28368], 
              [0.40219, 0.187103, 0.219702, 0.191005]
            ]
          }, {
            "db": 0,
            "id": "UP00021_1",
            "alt": "Zfp281_primary",
            "len": 15,
            "nsites": 20,
            "url": "http://thebrain.bwh.harvard.edu/uniprobe/details2.php?id=00021",
            "pwm": [
              [0.201776, 0.165635, 0.201566, 0.431024], 
              [0.136719, 0.442489, 0.179485, 0.241307], 
              [0.263084, 0.553619, 0.0688886, 0.114409], 
              [0.142719, 0.735208, 0.0467383, 0.0753343], 
              [0.046002, 0.880957, 0.0463741, 0.0266657], 
              [0.246452, 0.588884, 0.0237861, 0.140879], 
              [0.123681, 0.589559, 0.0341512, 0.252609], 
              [0.0193065, 0.941286, 0.0114468, 0.0279612], 
              [0.0365264, 0.950342, 0.00521194, 0.0079194], 
              [0.0211443, 0.95084, 0.0071801, 0.0208358], 
              [0.0164667, 0.960836, 0.00796517, 0.0147333], 
              [0.0296667, 0.932738, 0.0128458, 0.0247493], 
              [0.299878, 0.515979, 0.030796, 0.153346], 
              [0.159515, 0.512132, 0.0528199, 0.275532], 
              [0.158629, 0.64508, 0.133837, 0.0624537]
            ]
          }, {
            "db": 0,
            "id": "UP00022_1",
            "alt": "Zfp740_primary",
            "len": 16,
            "nsites": 20,
            "url": "http://thebrain.bwh.harvard.edu/uniprobe/details2.php?id=00022",
            "pwm": [
              [0.137508, 0.395779, 0.13588, 0.330832], 
              [0.185849, 0.416704, 0.215581, 0.181866], 
              [0.171668, 0.341444, 0.173216, 0.313673], 
              [0.14616, 0.588878, 0.146892, 0.118072], 
              [0.138592, 0.658374, 0.114693, 0.0883413], 
              [0.222864, 0.748042, 0.00873433, 0.0203602], 
              [0.0257542, 0.959765, 0.00312836, 0.0113522], 
              [0.0107532, 0.976324, 0.00188259, 0.0110388], 
              [0.011608, 0.973805, 0.00178209, 0.012805], 
              [0.0275134, 0.953224, 0.0027801, 0.0164816], 
              [0.195773, 0.753442, 0.0122488, 0.0385373], 
              [0.490091, 0.364214, 0.0267294, 0.118966], 
              [0.304879, 0.397423, 0.0725672, 0.225132], 
              [0.25348, 0.232733, 0.213429, 0.300358], 
              [0.157427, 0.297638, 0.145207, 0.399728], 
              [0.1799, 0.292302, 0.319116, 0.208682]
            ]
          }, {
            "db": 0,
            "id": "UP00043_2",
            "alt": "Bcl6b_secondary",
            "len": 16,
            "nsites": 20,
            "url": "http://thebrain.bwh.harvard.edu/uniprobe/details2.php?id=00043",
            "pwm": [
              [0.316241, 0.278241, 0.153041, 0.252478], 
              [0.167553, 0.256999, 0.259845, 0.315603], 
              [0.175894, 0.325578, 0.259946, 0.238582], 
              [0.165475, 0.385002, 0.239501, 0.210022], 
              [0.0703871, 0.780068, 0.0733373, 0.076208], 
              [0.0509383, 0.797897, 0.0330726, 0.118093], 
              [0.223514, 0.0612498, 0.551185, 0.164051], 
              [0.0738249, 0.815425, 0.0354786, 0.0752716], 
              [0.0714279, 0.842166, 0.0636438, 0.0227622], 
              [0.0321244, 0.856322, 0.056392, 0.0551612], 
              [0.064595, 0.795774, 0.0681831, 0.0714468], 
              [0.347998, 0.0317881, 0.197442, 0.422772], 
              [0.306935, 0.256438, 0.181352, 0.255275], 
              [0.459884, 0.284883, 0.0910527, 0.164181], 
              [0.315471, 0.228538, 0.171527, 0.284465], 
              [0.373907, 0.268237, 0.199065, 0.158791]
            ]
          }, {
            "db": 0,
            "id": "UP00054_1",
            "alt": "Tcf7_primary",
            "len": 17,
            "nsites": 20,
            "url": "http://thebrain.bwh.harvard.edu/uniprobe/details2.php?id=00054",
            "pwm": [
              [0.171205, 0.19724, 0.22065, 0.410905], 
              [0.336797, 0.228589, 0.140684, 0.29393], 
              [0.299067, 0.174159, 0.143956, 0.382817], 
              [0.602196, 0.0545343, 0.12882, 0.214449], 
              [0.037401, 0.377289, 0.533231, 0.0520806], 
              [0.723498, 0.0115065, 0.00970249, 0.255294], 
              [0.0687612, 0.00905373, 0.0057801, 0.916405], 
              [0.0503851, 0.812683, 0.0990846, 0.0378478], 
              [0.956979, 0.00625473, 0.00635522, 0.0304109], 
              [0.957096, 0.00577114, 0.0199652, 0.0171682], 
              [0.931836, 0.00638706, 0.024991, 0.0367861], 
              [0.160209, 0.0612836, 0.758797, 0.0197104], 
              [0.228641, 0.154375, 0.521694, 0.0952905], 
              [0.556452, 0.124141, 0.254133, 0.0652736], 
              [0.489057, 0.212165, 0.125181, 0.173597], 
              [0.310162, 0.250278, 0.133196, 0.306364], 
              [0.332308, 0.248942, 0.121277, 0.297474]
            ]
          }, {
            "db": 0,
            "id": "UP00073_1",
            "alt": "Foxa2_primary",
            "len": 17,
            "nsites": 20,
            "url": "http://thebrain.bwh.harvard.edu/uniprobe/details2.php?id=00073",
            "pwm": [
              [0.335062, 0.205286, 0.129559, 0.330094], 
              [0.410831, 0.179975, 0.176071, 0.233122], 
              [0.412165, 0.129206, 0.0926766, 0.365952], 
              [0.606613, 0.0798527, 0.107853, 0.205682], 
              [0.432561, 0.0362716, 0.153625, 0.377542], 
              [0.0883602, 0.00622189, 0.891379, 0.0140378], 
              [0.0056806, 0.040001, 0.00234726, 0.951971], 
              [0.921114, 0.0694627, 0.00240299, 0.0070199], 
              [0.917147, 0.0709343, 0.00290945, 0.00900995], 
              [0.984662, 0.00313632, 0.00438308, 0.00781891], 
              [0.00276318, 0.654702, 0.00392935, 0.338604], 
              [0.983836, 0.00304478, 0.00555821, 0.00756119], 
              [0.717248, 0.0661035, 0.0513771, 0.165272], 
              [0.533969, 0.100743, 0.103581, 0.261705], 
              [0.245239, 0.271907, 0.301243, 0.181611], 
              [0.305828, 0.209244, 0.248694, 0.236235], 
              [0.223875, 0.278525, 0.251921, 0.245679]
            ]
          }, {
            "db": 0,
            "id": "UP00093_1",
            "alt": "Klf7_primary",
            "len": 16,
            "nsites": 20,
            "url": "http://thebrain.bwh.harvard.edu/uniprobe/details2.php?id=00093",
            "pwm": [
              [0.20474, 0.19861, 0.17161, 0.42504], 
              [0.1676, 0.296552, 0.246101, 0.289747], 
              [0.267244, 0.148508, 0.397934, 0.186312], 
              [0.547897, 0.0611114, 0.336667, 0.0543254], 
              [0.0517373, 0.896779, 0.0233025, 0.0281821], 
              [0.0389602, 0.916997, 0.00956219, 0.0344806], 
              [0.409558, 0.565126, 0.0174299, 0.00788557], 
              [0.0107224, 0.97871, 0.00229851, 0.00826866], 
              [0.204519, 0.00232239, 0.746087, 0.0470706], 
              [0.0051791, 0.984816, 0.00405075, 0.00595522], 
              [0.00548657, 0.98515, 0.00553333, 0.00382886], 
              [0.00398806, 0.926168, 0.00248159, 0.0673612], 
              [0.260281, 0.420829, 0.0258408, 0.29305], 
              [0.185122, 0.247708, 0.0860567, 0.481112], 
              [0.347052, 0.197606, 0.140508, 0.314835], 
              [0.255255, 0.167035, 0.242335, 0.335375]
            ]
          }, {
            "db": 0,
            "id": "UP00099_2",
            "alt": "Ascl2_secondary",
            "len": 16,
            "nsites": 20,
            "url": "http://thebrain.bwh.harvard.edu/uniprobe/details2.php?id=00099",
            "pwm": [
              [0.115136, 0.345126, 0.289157, 0.25058], 
              [0.192879, 0.25084, 0.116915, 0.439366], 
              [0.338396, 0.304656, 0.196112, 0.160836], 
              [0.311742, 0.115765, 0.1629, 0.409592], 
              [0.144502, 0.598748, 0.123978, 0.132771], 
              [0.079603, 0.712758, 0.135753, 0.0718856], 
              [0.146707, 0.683404, 0.0706955, 0.099193], 
              [0.137848, 0.644107, 0.127043, 0.091002], 
              [0.334676, 0.0930448, 0.370905, 0.201374], 
              [0.0341692, 0.62928, 0.0751522, 0.261399], 
              [0.118175, 0.617499, 0.101688, 0.162639], 
              [0.115442, 0.625485, 0.0906358, 0.168439], 
              [0.196057, 0.252047, 0.220948, 0.330948], 
              [0.414532, 0.121374, 0.281216, 0.182878], 
              [0.111869, 0.217243, 0.24579, 0.425099], 
              [0.191808, 0.296718, 0.153851, 0.357624]
            ]
          }, {
            "db": 0,
            "id": "UP00103_2",
            "alt": "Jundm2_secondary",
            "len": 16,
            "nsites": 20,
            "url": "http://thebrain.bwh.harvard.edu/uniprobe/details2.php?id=00103",
            "pwm": [
              [0.33038, 0.277613, 0.217411, 0.174596], 
              [0.254064, 0.134328, 0.267938, 0.343671], 
              [0.103448, 0.139196, 0.266652, 0.490703], 
              [0.211284, 0.116422, 0.488262, 0.184034], 
              [0.63248, 0.0303413, 0.325348, 0.0118318], 
              [0.00580597, 0.00800199, 0.00578507, 0.980407], 
              [0.00446269, 0.00625473, 0.893655, 0.0956289], 
              [0.910712, 0.0699612, 0.00358607, 0.0157403], 
              [0.0124955, 0.443068, 0.532432, 0.012005], 
              [0.00919005, 0.00698507, 0.00447861, 0.979346], 
              [0.0449015, 0.944647, 0.00627264, 0.0041791], 
              [0.981923, 0.00464378, 0.0092597, 0.00417313], 
              [0.018194, 0.519963, 0.0331373, 0.428705], 
              [0.331007, 0.41386, 0.09859, 0.156543], 
              [0.317287, 0.218547, 0.235421, 0.228744], 
              [0.308086, 0.290891, 0.191703, 0.209319]
            ]
          }, {
            "db": 1,
            "id": "MA0002.2",
            "alt": "Runx1",
            "len": 11,
            "nsites": 2000,
            "url": "http://jaspar2022.genereg.net/matrix/MA0002.2",
            "pwm": [
              [0.143505, 0.248, 0.347995, 0.260499], 
              [0.117007, 0.2425, 0.233501, 0.406992], 
              [0.0615094, 0.535986, 0.0745088, 0.327996], 
              [0.0285111, 1.24994e-05, 0.00351232, 0.967964], 
              [1.24994e-05, 0.0375106, 0.935966, 0.0265112], 
              [0.0435103, 0.0635093, 0.0350107, 0.85797], 
              [1.24994e-05, 1.24994e-05, 0.993463, 0.00651217], 
              [0.00851207, 0.0210114, 0.923966, 0.0465102], 
              [0.00501225, 0.200002, 0.125506, 0.669479], 
              [0.0655092, 0.231501, 0.0405105, 0.662479], 
              [0.25, 0.0790085, 0.144505, 0.526486]
            ]
          }, {
            "db": 1,
            "id": "MA0028.2",
            "alt": "ELK1",
            "len": 10,
            "nsites": 67234,
            "url": "http://jaspar2022.genereg.net/matrix/MA0028.2",
            "pwm": [
              [0.681306, 0.0409023, 0.192745, 0.0850462], 
              [0.0249703, 0.939861, 0.0303253, 0.00484236], 
              [0.00776336, 0.990506, 0.00127637, 0.000454371], 
              [3.71835e-07, 0.000458371, 0.998974, 0.000567371], 
              [8.63717e-05, 0.000880371, 0.983721, 0.0153123], 
              [0.993062, 0.00505136, 0.00134437, 0.000542371], 
              [0.94711, 0.00688536, 0.00124137, 0.0447643], 
              [0.0585883, 0.0458643, 0.889835, 0.00571136], 
              [0.0169143, 0.116499, 0.0207373, 0.845849], 
              [0.289781, 0.145676, 0.377082, 0.18746]
            ]
          }, {
            "db": 1,
            "id": "MA0031.1",
            "alt": "FOXD1",
            "len": 8,
            "nsites": 20,
            "url": "http://jaspar2022.genereg.net/matrix/MA0031.1",
            "pwm": [
              [0.050995, 0.050995, 0.847015, 0.050995], 
              [0.00124378, 0.00124378, 0.00124378, 0.996269], 
              [0.946517, 0.050995, 0.00124378, 0.00124378], 
              [0.996269, 0.00124378, 0.00124378, 0.00124378], 
              [0.896766, 0.050995, 0.050995, 0.00124378], 
              [0.050995, 0.896766, 0.00124378, 0.050995], 
              [0.996269, 0.00124378, 0.00124378, 0.00124378], 
              [0.349502, 0.100746, 0.150498, 0.399254]
            ]
          }, {
            "db": 1,
            "id": "MA0032.2",
            "alt": "FOXC1",
            "len": 11,
            "nsites": 19566,
            "url": "http://jaspar2022.genereg.net/matrix/MA0032.2",
            "pwm": [
              [0.329756, 0.0394571, 0.0155382, 0.615249], 
              [0.695237, 0.0353361, 0.202155, 0.0672729], 
              [0.344387, 0.0876138, 0.105678, 0.462323], 
              [0.257364, 0.0178012, 0.722132, 0.00270326], 
              [0.108395, 0.0717429, 0.0169382, 0.802924], 
              [0.706923, 0.289518, 0.00113327, 0.00242627], 
              [0.991151, 0.00579125, 1.27772e-06, 0.00305726], 
              [0.983558, 0.00298026, 0.00750224, 0.00595925], 
              [0.00649824, 0.467699, 0.00878823, 0.517014], 
              [0.966337, 0.00141227, 0.0226322, 0.00961823], 
              [0.31682, 0.0736509, 0.052332, 0.557198]
            ]
          }, {
            "db": 1,
            "id": "MA0033.2",
            "alt": "FOXL1",
            "len": 7,
            "nsites": 4933,
            "url": "http://jaspar2022.genereg.net/matrix/MA0033.2",
            "pwm": [
              [0.426106, 0.00264001, 0.542869, 0.0283845], 
              [0.00192603, 0.0799114, 5.06781e-06, 0.918157], 
              [0.874644, 0.114916, 0.0104349, 5.06781e-06], 
              [0.989019, 0.00786791, 5.06781e-06, 0.003109], 
              [0.973112, 0.0166987, 0.0101839, 5.06781e-06], 
              [5.06781e-06, 0.778859, 5.06781e-06, 0.221131], 
              [0.985349, 0.0111368, 5.06781e-06, 0.003509]
            ]
          }, {
            "db": 1,
            "id": "MA0039.4",
            "alt": "KLF4",
            "len": 12,
            "nsites": 55817,
            "url": "http://jaspar2022.genereg.net/matrix/MA0039.4",
            "pwm": [
              [0.2252, 0.313883, 0.255173, 0.205744], 
              [0.205798, 0.2515, 0.330957, 0.211746], 
              [0.0441624, 0.881612, 0.0283614, 0.0458644], 
              [0.0377134, 0.857533, 0.0217504, 0.0830033], 
              [0.125786, 0.813461, 0.0254764, 0.0352764], 
              [0.0210154, 0.947291, 0.0142074, 0.0174864], 
              [0.81699, 0.00288444, 0.118208, 0.0619173], 
              [0.0152644, 0.938172, 0.0263364, 0.0202274], 
