>CTAAAACAGG	1-CTAAAACAGG	6.801718	-23.530300	0	T:33.0(24.09%),B:3204.3(6.58%),P:1e-10	Tpos:109.6,Tstd:59.9,Bpos:99.5,Bstd:63.4,StrandBias:1.4,Multiplicity:1.12
0.001	0.813	0.184	0.002
0.080	0.001	0.005	0.914
0.827	0.087	0.002	0.084
0.759	0.239	0.001	0.001
0.687	0.078	0.107	0.128
0.997	0.001	0.001	0.001
0.084	0.819	0.096	0.001
0.623	0.001	0.001	0.375
0.107	0.001	0.891	0.001
0.001	0.241	0.598	0.160
>CTATCCACTT	2-CTATCCACTT	7.578275	-22.981601	0	T:17.0(12.41%),B:781.3(1.60%),P:1e-9	Tpos:113.5,Tstd:34.7,Bpos:98.5,Bstd:59.7,StrandBias:0.5,Multiplicity:1.00
0.001	0.921	0.077	0.001
0.094	0.090	0.001	0.815
0.997	0.001	0.001	0.001
0.001	0.187	0.113	0.699
0.001	0.901	0.001	0.097
0.090	0.588	0.232	0.090
0.890	0.001	0.108	0.001
0.179	0.730	0.090	0.001
0.001	0.179	0.134	0.686
0.109	0.090	0.001	0.800
>KCAACGSTTR	3-KCAACGSTTR	7.547665	-22.665202	0	T:7.0(5.11%),B:49.7(0.10%),P:1e-9	Tpos:96.1,Tstd:49.8,Bpos:110.2,Bstd:65.2,StrandBias:0.4,Multiplicity:1.00
0.001	0.001	0.513	0.485
0.001	0.997	0.001	0.001
0.997	0.001	0.001	0.001
0.971	0.027	0.001	0.001
0.001	0.997	0.001	0.001
0.001	0.001	0.997	0.001
0.001	0.485	0.513	0.001
0.001	0.001	0.420	0.578
0.001	0.001	0.001	0.997
0.551	0.001	0.447	0.001
>TGTTCTCCCA	4-TGTTCTCCCA	11.184053	-21.382665	0	T:10.0(7.30%),B:206.9(0.43%),P:1e-9	Tpos:109.4,Tstd:61.8,Bpos:103.9,Bstd:58.3,StrandBias:-0.6,Multiplicity:1.00
0.001	0.167	0.001	0.831
0.001	0.001	0.827	0.171
0.001	0.001	0.001	0.997
0.001	0.001	0.001	0.997
0.001	0.997	0.001	0.001
0.001	0.001	0.001	0.997
0.001	0.776	0.121	0.102
0.001	0.997	0.001	0.001
0.001	0.997	0.001	0.001
0.997	0.001	0.001	0.001
>CCTGTAACTT	5-CCTGTAACTT	10.544255	-20.054305	0	T:10.0(7.30%),B:237.4(0.49%),P:1e-8	Tpos:106.2,Tstd:60.0,Bpos:100.5,Bstd:61.7,StrandBias:0.0,Multiplicity:1.00
0.111	0.788	0.001	0.100
0.001	0.997	0.001	0.001
0.001	0.001	0.001	0.997
0.001	0.108	0.890	0.001
0.098	0.102	0.001	0.799
0.910	0.001	0.088	0.001
0.997	0.001	0.001	0.001
0.001	0.997	0.001	0.001
0.001	0.143	0.001	0.855
0.129	0.001	0.001	0.869
>GTTTCCGTTC	6-GTTTCCGTTC	13.550883	-19.435538	0	T:3.0(2.19%),B:1.3(0.00%),P:1e-8	Tpos:68.0,Tstd:50.0,Bpos:177.0,Bstd:0.0,StrandBias:1.0,Multiplicity:1.00
0.001	0.001	0.997	0.001
0.001	0.001	0.001	0.997
0.001	0.001	0.001	0.997
0.001	0.001	0.001	0.997
0.001	0.997	0.001	0.001
0.001	0.997	0.001	0.001
0.001	0.001	0.997	0.001
0.001	0.246	0.001	0.752
0.001	0.001	0.001	0.997
0.001	0.997	0.001	0.001
>AGGCGAATTT	7-AGGCGAATTT	10.296193	-19.435538	0	T:3.0(2.19%),B:1.7(0.00%),P:1e-8	Tpos:94.7,Tstd:30.7,Bpos:124.7,Bstd:12.1,StrandBias:1.0,Multiplicity:1.00
0.700	0.100	0.100	0.100
0.100	0.100	0.700	0.100
0.100	0.100	0.700	0.100
0.100	0.700	0.100	0.100
0.100	0.100	0.700	0.100
0.700	0.100	0.100	0.100
0.700	0.100	0.100	0.100
0.100	0.100	0.100	0.700
0.100	0.100	0.100	0.700
0.100	0.100	0.100	0.700
>GTCTCTGTTG	8-GTCTCTGTTG	11.868441	-15.969014	0	T:6.0(4.38%),B:78.4(0.16%),P:1e-6	Tpos:87.5,Tstd:37.9,Bpos:103.2,Bstd:59.2,StrandBias:-1.0,Multiplicity:1.00
0.001	0.001	0.997	0.001
0.001	0.001	0.001	0.997
0.206	0.792	0.001	0.001
0.001	0.001	0.001	0.997
0.001	0.997	0.001	0.001
0.001	0.001	0.001	0.997
0.001	0.001	0.997	0.001
0.176	0.001	0.001	0.822
0.001	0.001	0.001	0.997
0.001	0.001	0.997	0.001
>ATCTGCGCTG	9-ATCTGCGCTG	9.915823	-15.659726	0	T:4.0(2.92%),B:17.0(0.03%),P:1e-6	Tpos:52.4,Tstd:37.0,Bpos:120.9,Bstd:54.9,StrandBias:-0.6,Multiplicity:1.25
0.997	0.001	0.001	0.001
0.001	0.001	0.001	0.997
0.001	0.997	0.001	0.001
0.172	0.001	0.001	0.826
0.001	0.001	0.997	0.001
0.001	0.997	0.001	0.001
0.001	0.001	0.997	0.001
0.001	0.997	0.001	0.001
0.001	0.115	0.001	0.883
0.001	0.001	0.997	0.001
>AACCGGACAG	10-AACCGGACAG	6.431837	-15.059578	0	T:9.0(6.57%),B:309.2(0.64%),P:1e-6	Tpos:81.3,Tstd:64.1,Bpos:105.2,Bstd:60.3,StrandBias:0.8,Multiplicity:1.00
0.837	0.001	0.161	0.001
0.849	0.001	0.001	0.149
0.001	0.997	0.001	0.001
0.001	0.997	0.001	0.001
0.001	0.001	0.997	0.001
0.001	0.001	0.997	0.001
0.849	0.001	0.001	0.149
0.001	0.997	0.001	0.001
0.997	0.001	0.001	0.001
0.001	0.001	0.997	0.001
>TTAGCTGCCG	11-TTAGCTGCCG	10.296193	-14.615478	0	T:3.0(2.19%),B:5.6(0.01%),P:1e-6	Tpos:108.3,Tstd:67.4,Bpos:108.8,Bstd:79.6,StrandBias:1.0,Multiplicity:1.00
0.100	0.100	0.100	0.700
0.100	0.100	0.100	0.700
0.700	0.100	0.100	0.100
0.100	0.100	0.700	0.100
0.100	0.700	0.100	0.100
0.100	0.100	0.100	0.700
0.100	0.100	0.700	0.100
0.100	0.700	0.100	0.100
0.100	0.700	0.100	0.100
0.100	0.100	0.700	0.100
>GGACAGCTTA	12-GGACAGCTTA	11.482464	-14.070576	0	T:3.0(2.19%),B:6.2(0.01%),P:1e-6	Tpos:83.3,Tstd:14.7,Bpos:42.1,Bstd:41.9,StrandBias:1.0,Multiplicity:1.00
0.001	0.161	0.837	0.001
0.167	0.001	0.831	0.001
0.882	0.001	0.001	0.116
0.001	0.997	0.001	0.001
0.865	0.001	0.001	0.133
0.131	0.131	0.570	0.168
0.001	0.752	0.117	0.130
0.001	0.001	0.001	0.997
0.133	0.001	0.001	0.865
0.473	0.162	0.131	0.234
>GCGACAAAAG	13-GCGACAAAAG	8.768362	-11.523480	0	T:5.0(3.65%),B:98.4(0.20%),P:1e-5	Tpos:124.9,Tstd:57.4,Bpos:108.8,Bstd:54.8,StrandBias:2.6,Multiplicity:1.40
0.001	0.001	0.997	0.001
0.122	0.838	0.039	0.001
0.001	0.001	0.997	0.001
0.997	0.001	0.001	0.001
0.001	0.997	0.001	0.001
0.997	0.001	0.001	0.001
0.997	0.001	0.001	0.001
0.837	0.001	0.001	0.161
0.997	0.001	0.001	0.001
0.001	0.001	0.997	0.001
>GTSTCTTGTT	14-GTSTCTTGTT	7.791254	-11.041852	0	T:19.0(13.87%),B:2217.5(4.55%),P:1e-4	Tpos:95.5,Tstd:60.4,Bpos:103.9,Bstd:61.4,StrandBias:0.5,Multiplicity:1.16
0.001	0.001	0.997	0.001
0.001	0.006	0.370	0.623
0.001	0.501	0.497	0.001
0.001	0.001	0.173	0.825
0.001	0.811	0.001	0.187
0.156	0.181	0.216	0.447
0.001	0.014	0.147	0.838
0.001	0.001	0.980	0.018
0.295	0.161	0.001	0.543
0.001	0.012	0.327	0.660
>AATTTCAGTCTY	1-AATTTCAGTCTY	14.235992	-28.767006	0	T:6.0(4.38%),B:9.9(0.02%),P:1e-12	Tpos:102.2,Tstd:36.9,Bpos:78.2,Bstd:25.3,StrandBias:1.0,Multiplicity:1.00
0.997	0.001	0.001	0.001
0.997	0.001	0.001	0.001
0.001	0.001	0.001	0.997
0.001	0.001	0.001	0.997
0.001	0.001	0.001	0.997
0.001	0.782	0.001	0.216
0.997	0.001	0.001	0.001
0.001	0.001	0.997	0.001
0.001	0.001	0.001	0.997
0.001	0.997	0.001	0.001
0.001	0.001	0.001	0.997
0.001	0.565	0.001	0.433
>TCTTTTTGCGTT	2-TCTTTTTGCGTT	15.463047	-26.717322	0	T:4.0(2.92%),B:1.0(0.00%),P:1e-11	Tpos:129.2,Tstd:54.6,Bpos:101.0,Bstd:0.0,StrandBias:0.0,Multiplicity:1.00
0.001	0.001	0.001	0.997
0.001	0.997	0.001	0.001
0.001	0.001	0.001	0.997
0.001	0.001	0.001	0.997
0.320	0.001	0.001	0.678
0.001	0.001	0.001	0.997
0.001	0.001	0.001	0.997
0.001	0.001	0.997	0.001
0.001	0.997	0.001	0.001
0.001	0.001	0.997	0.001
0.001	0.001	0.001	0.997
0.001	0.001	0.001	0.997
>GAACTATCTACC	3-GAACTATCTACC	12.743443	-26.717322	0	T:4.0(2.92%),B:0.6(0.00%),P:1e-11	Tpos:99.0,Tstd:24.5,Bpos:9.0,Bstd:0.0,StrandBias:1.6,Multiplicity:1.00
0.001	0.001	0.997	0.001
0.997	0.001	0.001	0.001
0.997	0.001	0.001	0.001
0.001	0.997	0.001	0.001
0.001	0.001	0.001	0.997
0.997	0.001	0.001	0.001
0.001	0.001	0.001	0.997
0.001	0.997	0.001	0.001
0.001	0.145	0.001	0.853
0.997	0.001	0.001	0.001
0.001	0.997	0.001	0.001
0.001	0.853	0.001	0.145
>CCTGCTATTATC	4-CCTGCTATTATC	12.743443	-26.717322	0	T:4.0(2.92%),B:1.3(0.00%),P:1e-11	Tpos:131.2,Tstd:54.0,Bpos:73.7,Bstd:55.4,StrandBias:-1.6,Multiplicity:1.00
0.001	0.997	0.001	0.001
0.001	0.997	0.001	0.001
0.001	0.001	0.001	0.997
0.001	0.145	0.853	0.001
0.001	0.997	0.001	0.001
0.001	0.001	0.001	0.997
0.997	0.001	0.001	0.001
0.001	0.001	0.001	0.997
0.001	0.001	0.001	0.997
0.853	0.001	0.145	0.001
0.001	0.001	0.001	0.997
0.001	0.997	0.001	0.001
>AACGGTTAGTTT	5-AACGGTTAGTTT	12.781590	-26.127536	0	T:6.0(4.38%),B:14.4(0.03%),P:1e-11	Tpos:78.0,Tstd:58.9,Bpos:117.3,Bstd:32.3,StrandBias:0.0,Multiplicity:1.00
0.997	0.001	0.001	0.001
0.997	0.001	0.001	0.001
0.314	0.684	0.001	0.001
0.001	0.001	0.997	0.001
0.001	0.314	0.684	0.001
0.001	0.001	0.001	0.997
0.001	0.001	0.001	0.997
0.684	0.001	0.314	0.001
0.001	0.001	0.684	0.314
0.001	0.001	0.001	0.997
0.314	0.001	0.001	0.684
0.314	0.001	0.001	0.684
>CTTCCCGTTCTC	6-CTTCCCGTTCTC	10.031894	-24.513696	0	T:5.0(3.65%),B:7.8(0.02%),P:1e-10	Tpos:62.8,Tstd:38.7,Bpos:101.4,Bstd:38.9,StrandBias:-0.6,Multiplicity:1.00
0.001	0.900	0.098	0.001
0.001	0.001	0.001	0.997
0.001	0.001	0.001	0.997
0.001	0.853	0.001	0.145
0.001	0.997	0.001	0.001
0.001	0.997	0.001	0.001
0.001	0.001	0.997	0.001
0.001	0.001	0.001	0.997
0.001	0.001	0.001	0.997
0.001	0.997	0.001	0.001
0.001	0.001	0.098	0.900
0.001	0.997	0.001	0.001
>CCATCACCGCTG	7-CCATCACCGCTG	10.417567	-24.045531	0	T:9.0(6.57%),B:108.4(0.22%),P:1e-10	Tpos:91.4,Tstd:54.6,Bpos:94.5,Bstd:56.0,StrandBias:0.3,Multiplicity:1.00
0.001	0.997	0.001	0.001
0.254	0.731	0.001	0.014
0.745	0.001	0.253	0.001
0.001	0.001	0.001	0.997
0.001	0.997	0.001	0.001
0.745	0.001	0.001	0.253
0.254	0.448	0.297	0.001
0.001	0.805	0.001	0.193
0.001	0.001	0.745	0.253
0.001	0.997	0.001	0.001
0.001	0.028	0.001	0.970
0.001	0.001	0.997	0.001
>TGCCRCTGTACT	8-TGCCRCTGTACT	13.799095	-23.848297	0	T:5.0(3.65%),B:8.0(0.02%),P:1e-10	Tpos:100.0,Tstd:60.0,Bpos:92.0,Bstd:52.1,StrandBias:2.0,Multiplicity:1.00
0.001	0.001	0.001	0.997
0.001	0.001	0.997	0.001
0.001	0.997	0.001	0.001
0.001	0.997	0.001	0.001
0.484	0.001	0.514	0.001
0.001	0.997	0.001	0.001
0.001	0.001	0.257	0.741
0.001	0.001	0.997	0.001
0.257	0.001	0.001	0.741
0.772	0.226	0.001	0.001
0.001	0.997	0.001	0.001
0.001	0.001	0.001	0.997
>GTCTGGTCAGTT	9-GTCTGGTCAGTT	12.534640	-23.169659	0	T:6.0(4.38%),B:23.2(0.05%),P:1e-10	Tpos:72.7,Tstd:65.8,Bpos:112.8,Bstd:57.1,StrandBias:2.3,Multiplicity:1.00
0.001	0.001	0.997	0.001
0.314	0.001	0.001	0.684
0.001	0.997	0.001	0.001
0.315	0.053	0.001	0.631
0.001	0.001	0.997	0.001
0.314	0.001	0.684	0.001
0.001	0.001	0.001	0.997
0.001	0.997	0.001	0.001
0.684	0.001	0.001	0.314
0.001	0.001	0.997	0.001
0.001	0.001	0.001	0.997
0.001	0.001	0.001	0.997
>TCCTGTGTGGMW	10-TCCTGTGTGGMW	11.982823	-22.916606	0	T:6.0(4.38%),B:24.1(0.05%),P:1e-9	Tpos:98.0,Tstd:40.8,Bpos:96.1,Bstd:62.0,StrandBias:2.3,Multiplicity:1.00
0.028	0.044	0.189	0.739
0.001	0.597	0.401	0.001
0.077	0.677	0.169	0.077
0.001	0.001	0.001	0.997
0.043	0.001	0.848	0.108
0.044	0.087	0.154	0.715
0.044	0.032	0.719	0.205
0.001	0.043	0.082	0.874
0.038	0.044	0.787	0.131
0.077	0.126	0.725	0.072
0.529	0.393	0.001	0.077
0.558	0.001	0.001	0.440
>SHCTKTGGAGGC	11-SHCTKTGGAGGC	10.058045	-20.522744	0	T:12.0(8.76%),B:382.2(0.78%),P:1e-8	Tpos:79.0,Tstd:30.7,Bpos:94.9,Bstd:62.3,StrandBias:-0.5,Multiplicity:1.00
0.001	0.563	0.435	0.001
0.337	0.384	0.001	0.278
0.001	0.997	0.001	0.001
0.114	0.001	0.001	0.884
0.165	0.001	0.371	0.462
0.001	0.001	0.107	0.891
0.001	0.001	0.831	0.167
0.001	0.359	0.639	0.001
0.833	0.165	0.001	0.001
0.001	0.001	0.997	0.001
0.001	0.001	0.833	0.165
0.001	0.593	0.382	0.024
>TGCCCCAGCTCT	12-TGCCCCAGCTCT	13.675878	-20.038118	0	T:6.0(4.38%),B:39.3(0.08%),P:1e-8	Tpos:123.8,Tstd:67.8,Bpos:99.1,Bstd:66.3,StrandBias:2.3,Multiplicity:1.00
0.112	0.001	0.001	0.886
0.001	0.001	0.997	0.001
0.001	0.997	0.001	0.001
0.159	0.839	0.001	0.001
0.001	0.997	0.001	0.001
0.001	0.997	0.001	0.001
0.790	0.001	0.208	0.001
0.001	0.001	0.997	0.001
0.001	0.997	0.001	0.001
0.001	0.001	0.001	0.997
0.001	0.815	0.183	0.001
0.001	0.123	0.001	0.875
>TTTGTGAGGCCA	13-TTTGTGAGGCCA	12.355432	-19.435538	0	T:3.0(2.19%),B:1.3(0.00%),P:1e-8	Tpos:77.3,Tstd:25.7,Bpos:140.3,Bstd:25.0,StrandBias:1.0,Multiplicity:1.00
0.100	0.100	0.100	0.700
0.100	0.100	0.100	0.700
0.100	0.100	0.100	0.700
0.100	0.100	0.700	0.100
0.100	0.100	0.100	0.700
0.100	0.100	0.700	0.100
0.700	0.100	0.100	0.100
0.100	0.100	0.700	0.100
0.100	0.100	0.700	0.100
0.100	0.700	0.100	0.100
0.100	0.700	0.100	0.100
0.700	0.100	0.100	0.100
>GCGGACAGCTTT	14-GCGGACAGCTTT	12.743443	-18.946790	0	T:4.0(2.92%),B:8.0(0.02%),P:1e-8	Tpos:109.8,Tstd:48.1,Bpos:82.4,Bstd:35.1,StrandBias:1.6,Multiplicity:1.00
0.001	0.001	0.997	0.001
0.001	0.853	0.145	0.001
0.001	0.001	0.997	0.001
0.001	0.001	0.997	0.001
0.997	0.001	0.001	0.001
0.001	0.997	0.001	0.001
0.997	0.001	0.001	0.001
0.001	0.001	0.997	0.001
0.001	0.997	0.001	0.001
0.001	0.001	0.001	0.997
0.001	0.001	0.001	0.997
0.145	0.001	0.001	0.853
>CAGAGCTGAGTT	15-CAGAGCTGAGTT	13.813914	-18.821899	0	T:5.0(3.65%),B:22.5(0.05%),P:1e-8	Tpos:90.6,Tstd:55.7,Bpos:100.6,Bstd:75.1,StrandBias:2.0,Multiplicity:1.00
0.001	0.997	0.001	0.001
0.997	0.001	0.001	0.001
0.001	0.001	0.997	0.001
0.997	0.001	0.001	0.001
0.001	0.001	0.997	0.001
0.001	0.613	0.001	0.385
0.001	0.267	0.001	0.731
0.001	0.267	0.731	0.001
0.997	0.001	0.001	0.001
0.001	0.001	0.997	0.001
0.001	0.001	0.333	0.665
0.001	0.279	0.001	0.719
>ACACATCTCTCA	16-ACACATCTCTCA	10.092022	-15.032300	0	T:8.0(5.84%),B:224.8(0.46%),P:1e-6	Tpos:104.5,Tstd:50.6,Bpos:103.5,Bstd:62.5,StrandBias:2.2,Multiplicity:1.25
0.872	0.001	0.123	0.004
0.001	0.997	0.001	0.001
0.654	0.232	0.001	0.113
0.001	0.875	0.001	0.123
0.997	0.001	0.001	0.001
0.218	0.094	0.001	0.687
0.123	0.776	0.100	0.001
0.001	0.094	0.094	0.811
0.001	0.786	0.209	0.004
0.124	0.109	0.101	0.666
0.001	0.995	0.003	0.001
0.898	0.001	0.001	0.100
>CTMACCWGGGAG	17-CTMACCWGGGAG	11.092500	-13.270430	0	T:7.0(5.11%),B:197.3(0.41%),P:1e-5	Tpos:100.4,Tstd:59.0,Bpos:102.1,Bstd:57.0,StrandBias:0.4,Multiplicity:1.00
0.001	0.781	0.001	0.217
0.001	0.001	0.001	0.997
0.410	0.431	0.001	0.158
0.637	0.001	0.001	0.361
0.001	0.997	0.001	0.001
0.001	0.968	0.001	0.030
0.558	0.001	0.001	0.440
0.176	0.001	0.822	0.001
0.001	0.001	0.997	0.001
0.001	0.344	0.654	0.001
0.997	0.001	0.001	0.001
0.001	0.001	0.997	0.001
>AGYCACTT	1-AGYCACTT	7.937770	-16.753323	0	T:23.0(16.79%),B:2188.5(4.49%),P:1e-7	Tpos:104.5,Tstd:52.5,Bpos:97.9,Bstd:62.4,StrandBias:-0.4,Multiplicity:1.00
0.997	0.001	0.001	0.001
0.001	0.001	0.845	0.153
0.001	0.433	0.001	0.565
0.001	0.892	0.001	0.106
0.997	0.001	0.001	0.001
0.001	0.997	0.001	0.001
0.001	0.064	0.062	0.873
0.001	0.162	0.001	0.836
>TCACGCAA	2-TCACGCAA	8.277777	-14.443026	0	T:9.0(6.57%),B:333.2(0.68%),P:1e-6	Tpos:115.6,Tstd:59.6,Bpos:105.3,Bstd:62.5,StrandBias:1.2,Multiplicity:1.11
0.332	0.001	0.001	0.666
0.320	0.678	0.001	0.001
0.997	0.001	0.001	0.001
0.001	0.997	0.001	0.001
0.001	0.001	0.997	0.001
0.100	0.764	0.001	0.135
0.997	0.001	0.001	0.001
0.997	0.001	0.001	0.001
>AGTACTGC	3-AGTACTGC	7.889670	-13.451398	0	T:13.0(9.49%),B:879.6(1.81%),P:1e-5	Tpos:120.9,Tstd:56.4,Bpos:102.3,Bstd:59.9,StrandBias:0.2,Multiplicity:1.00
0.908	0.001	0.048	0.043
0.038	0.001	0.922	0.039
0.001	0.263	0.001	0.735
0.878	0.014	0.092	0.016
0.040	0.958	0.001	0.001
0.093	0.109	0.001	0.797
0.001	0.054	0.909	0.036
0.034	0.931	0.001	0.034
>ATCCGCGC	4-ATCCGCGC	7.588384	-10.985658	0	T:8.0(5.84%),B:390.4(0.80%),P:1e-4	Tpos:104.4,Tstd:49.3,Bpos:100.4,Bstd:57.9,StrandBias:-0.3,Multiplicity:1.12
0.997	0.001	0.001	0.001
0.269	0.001	0.001	0.729
0.411	0.587	0.001	0.001
0.090	0.618	0.270	0.022
0.001	0.001	0.792	0.206
0.001	0.997	0.001	0.001
0.001	0.001	0.997	0.001
0.001	0.997	0.001	0.001
>GDAGCGAR	5-GDAGCGAR	7.311784	-8.271882	0	T:12.0(8.76%),B:1262.7(2.59%),P:1e-3	Tpos:109.1,Tstd:52.3,Bpos:102.0,Bstd:54.3,StrandBias:0.6,Multiplicity:1.25
0.177	0.084	0.665	0.074
0.337	0.015	0.364	0.285
0.554	0.122	0.323	0.001
0.001	0.001	0.997	0.001
0.001	0.997	0.001	0.001
0.119	0.001	0.879	0.001
0.764	0.001	0.131	0.104
0.473	0.001	0.516	0.010
