>AGYCACTT	1-AGYCACTT	7.937770	-16.753323	0	T:23.0(16.79%),B:2188.5(4.49%),P:1e-7	Tpos:104.5,Tstd:52.5,Bpos:97.9,Bstd:62.4,StrandBias:-0.4,Multiplicity:1.00
0.997	0.001	0.001	0.001
0.001	0.001	0.845	0.153
0.001	0.433	0.001	0.565
0.001	0.892	0.001	0.106
0.997	0.001	0.001	0.001
0.001	0.997	0.001	0.001
0.001	0.064	0.062	0.873
0.001	0.162	0.001	0.836
>TCACGCAA	2-TCACGCAA	8.277777	-14.443026	0	T:9.0(6.57%),B:333.2(0.68%),P:1e-6	Tpos:115.6,Tstd:59.6,Bpos:105.3,Bstd:62.5,StrandBias:1.2,Multiplicity:1.11
0.332	0.001	0.001	0.666
0.320	0.678	0.001	0.001
0.997	0.001	0.001	0.001
0.001	0.997	0.001	0.001
0.001	0.001	0.997	0.001
0.100	0.764	0.001	0.135
0.997	0.001	0.001	0.001
0.997	0.001	0.001	0.001
>AGTACTGC	3-AGTACTGC	7.889670	-13.451398	0	T:13.0(9.49%),B:879.6(1.81%),P:1e-5	Tpos:120.9,Tstd:56.4,Bpos:102.3,Bstd:59.9,StrandBias:0.2,Multiplicity:1.00
0.908	0.001	0.048	0.043
0.038	0.001	0.922	0.039
0.001	0.263	0.001	0.735
0.878	0.014	0.092	0.016
0.040	0.958	0.001	0.001
0.093	0.109	0.001	0.797
0.001	0.054	0.909	0.036
0.034	0.931	0.001	0.034
>ATCCGCGC	4-ATCCGCGC	7.588384	-10.985658	0	T:8.0(5.84%),B:390.4(0.80%),P:1e-4	Tpos:104.4,Tstd:49.3,Bpos:100.4,Bstd:57.9,StrandBias:-0.3,Multiplicity:1.12
0.997	0.001	0.001	0.001
0.269	0.001	0.001	0.729
0.411	0.587	0.001	0.001
0.090	0.618	0.270	0.022
0.001	0.001	0.792	0.206
0.001	0.997	0.001	0.001
0.001	0.001	0.997	0.001
0.001	0.997	0.001	0.001
>GDAGCGAR	5-GDAGCGAR	7.311784	-8.271882	0	T:12.0(8.76%),B:1262.7(2.59%),P:1e-3	Tpos:109.1,Tstd:52.3,Bpos:102.0,Bstd:54.3,StrandBias:0.6,Multiplicity:1.25
0.177	0.084	0.665	0.074
0.337	0.015	0.364	0.285
0.554	0.122	0.323	0.001
0.001	0.001	0.997	0.001
0.001	0.997	0.001	0.001
0.119	0.001	0.879	0.001
0.764	0.001	0.131	0.104
0.473	0.001	0.516	0.010
