>CTAAAACAGG	1-CTAAAACAGG	6.801718	-23.530300	0	T:33.0(24.09%),B:3204.3(6.58%),P:1e-10	Tpos:109.6,Tstd:59.9,Bpos:99.5,Bstd:63.4,StrandBias:1.4,Multiplicity:1.12
0.001	0.813	0.184	0.002
0.080	0.001	0.005	0.914
0.827	0.087	0.002	0.084
0.759	0.239	0.001	0.001
0.687	0.078	0.107	0.128
0.997	0.001	0.001	0.001
0.084	0.819	0.096	0.001
0.623	0.001	0.001	0.375
0.107	0.001	0.891	0.001
0.001	0.241	0.598	0.160
>CTATCCACTT	2-CTATCCACTT	7.578275	-22.981601	0	T:17.0(12.41%),B:781.3(1.60%),P:1e-9	Tpos:113.5,Tstd:34.7,Bpos:98.5,Bstd:59.7,StrandBias:0.5,Multiplicity:1.00
0.001	0.921	0.077	0.001
0.094	0.090	0.001	0.815
0.997	0.001	0.001	0.001
0.001	0.187	0.113	0.699
0.001	0.901	0.001	0.097
0.090	0.588	0.232	0.090
0.890	0.001	0.108	0.001
0.179	0.730	0.090	0.001
0.001	0.179	0.134	0.686
0.109	0.090	0.001	0.800
>KCAACGSTTR	3-KCAACGSTTR	7.547665	-22.665202	0	T:7.0(5.11%),B:49.7(0.10%),P:1e-9	Tpos:96.1,Tstd:49.8,Bpos:110.2,Bstd:65.2,StrandBias:0.4,Multiplicity:1.00
0.001	0.001	0.513	0.485
0.001	0.997	0.001	0.001
0.997	0.001	0.001	0.001
0.971	0.027	0.001	0.001
0.001	0.997	0.001	0.001
0.001	0.001	0.997	0.001
0.001	0.485	0.513	0.001
0.001	0.001	0.420	0.578
0.001	0.001	0.001	0.997
0.551	0.001	0.447	0.001
>TGTTCTCCCA	4-TGTTCTCCCA	11.184053	-21.382665	0	T:10.0(7.30%),B:206.9(0.43%),P:1e-9	Tpos:109.4,Tstd:61.8,Bpos:103.9,Bstd:58.3,StrandBias:-0.6,Multiplicity:1.00
0.001	0.167	0.001	0.831
0.001	0.001	0.827	0.171
0.001	0.001	0.001	0.997
0.001	0.001	0.001	0.997
0.001	0.997	0.001	0.001
0.001	0.001	0.001	0.997
0.001	0.776	0.121	0.102
0.001	0.997	0.001	0.001
0.001	0.997	0.001	0.001
0.997	0.001	0.001	0.001
>CCTGTAACTT	5-CCTGTAACTT	10.544255	-20.054305	0	T:10.0(7.30%),B:237.4(0.49%),P:1e-8	Tpos:106.2,Tstd:60.0,Bpos:100.5,Bstd:61.7,StrandBias:0.0,Multiplicity:1.00
0.111	0.788	0.001	0.100
0.001	0.997	0.001	0.001
0.001	0.001	0.001	0.997
0.001	0.108	0.890	0.001
0.098	0.102	0.001	0.799
0.910	0.001	0.088	0.001
0.997	0.001	0.001	0.001
0.001	0.997	0.001	0.001
0.001	0.143	0.001	0.855
0.129	0.001	0.001	0.869
>GTTTCCGTTC	6-GTTTCCGTTC	13.550883	-19.435538	0	T:3.0(2.19%),B:1.3(0.00%),P:1e-8	Tpos:68.0,Tstd:50.0,Bpos:177.0,Bstd:0.0,StrandBias:1.0,Multiplicity:1.00
0.001	0.001	0.997	0.001
0.001	0.001	0.001	0.997
0.001	0.001	0.001	0.997
0.001	0.001	0.001	0.997
0.001	0.997	0.001	0.001
0.001	0.997	0.001	0.001
0.001	0.001	0.997	0.001
0.001	0.246	0.001	0.752
0.001	0.001	0.001	0.997
0.001	0.997	0.001	0.001
>AGGCGAATTT	7-AGGCGAATTT	10.296193	-19.435538	0	T:3.0(2.19%),B:1.7(0.00%),P:1e-8	Tpos:94.7,Tstd:30.7,Bpos:124.7,Bstd:12.1,StrandBias:1.0,Multiplicity:1.00
0.700	0.100	0.100	0.100
0.100	0.100	0.700	0.100
0.100	0.100	0.700	0.100
0.100	0.700	0.100	0.100
0.100	0.100	0.700	0.100
0.700	0.100	0.100	0.100
0.700	0.100	0.100	0.100
0.100	0.100	0.100	0.700
0.100	0.100	0.100	0.700
0.100	0.100	0.100	0.700
>GTCTCTGTTG	8-GTCTCTGTTG	11.868441	-15.969014	0	T:6.0(4.38%),B:78.4(0.16%),P:1e-6	Tpos:87.5,Tstd:37.9,Bpos:103.2,Bstd:59.2,StrandBias:-1.0,Multiplicity:1.00
0.001	0.001	0.997	0.001
0.001	0.001	0.001	0.997
0.206	0.792	0.001	0.001
0.001	0.001	0.001	0.997
0.001	0.997	0.001	0.001
0.001	0.001	0.001	0.997
0.001	0.001	0.997	0.001
0.176	0.001	0.001	0.822
0.001	0.001	0.001	0.997
0.001	0.001	0.997	0.001
>ATCTGCGCTG	9-ATCTGCGCTG	9.915823	-15.659726	0	T:4.0(2.92%),B:17.0(0.03%),P:1e-6	Tpos:52.4,Tstd:37.0,Bpos:120.9,Bstd:54.9,StrandBias:-0.6,Multiplicity:1.25
0.997	0.001	0.001	0.001
0.001	0.001	0.001	0.997
0.001	0.997	0.001	0.001
0.172	0.001	0.001	0.826
0.001	0.001	0.997	0.001
0.001	0.997	0.001	0.001
0.001	0.001	0.997	0.001
0.001	0.997	0.001	0.001
0.001	0.115	0.001	0.883
0.001	0.001	0.997	0.001
>AACCGGACAG	10-AACCGGACAG	6.431837	-15.059578	0	T:9.0(6.57%),B:309.2(0.64%),P:1e-6	Tpos:81.3,Tstd:64.1,Bpos:105.2,Bstd:60.3,StrandBias:0.8,Multiplicity:1.00
0.837	0.001	0.161	0.001
0.849	0.001	0.001	0.149
0.001	0.997	0.001	0.001
0.001	0.997	0.001	0.001
0.001	0.001	0.997	0.001
0.001	0.001	0.997	0.001
0.849	0.001	0.001	0.149
0.001	0.997	0.001	0.001
0.997	0.001	0.001	0.001
0.001	0.001	0.997	0.001
>TTAGCTGCCG	11-TTAGCTGCCG	10.296193	-14.615478	0	T:3.0(2.19%),B:5.6(0.01%),P:1e-6	Tpos:108.3,Tstd:67.4,Bpos:108.8,Bstd:79.6,StrandBias:1.0,Multiplicity:1.00
0.100	0.100	0.100	0.700
0.100	0.100	0.100	0.700
0.700	0.100	0.100	0.100
0.100	0.100	0.700	0.100
0.100	0.700	0.100	0.100
0.100	0.100	0.100	0.700
0.100	0.100	0.700	0.100
0.100	0.700	0.100	0.100
0.100	0.700	0.100	0.100
0.100	0.100	0.700	0.100
>GGACAGCTTA	12-GGACAGCTTA	11.482464	-14.070576	0	T:3.0(2.19%),B:6.2(0.01%),P:1e-6	Tpos:83.3,Tstd:14.7,Bpos:42.1,Bstd:41.9,StrandBias:1.0,Multiplicity:1.00
0.001	0.161	0.837	0.001
0.167	0.001	0.831	0.001
0.882	0.001	0.001	0.116
0.001	0.997	0.001	0.001
0.865	0.001	0.001	0.133
0.131	0.131	0.570	0.168
0.001	0.752	0.117	0.130
0.001	0.001	0.001	0.997
0.133	0.001	0.001	0.865
0.473	0.162	0.131	0.234
>GCGACAAAAG	13-GCGACAAAAG	8.768362	-11.523480	0	T:5.0(3.65%),B:98.4(0.20%),P:1e-5	Tpos:124.9,Tstd:57.4,Bpos:108.8,Bstd:54.8,StrandBias:2.6,Multiplicity:1.40
0.001	0.001	0.997	0.001
0.122	0.838	0.039	0.001
0.001	0.001	0.997	0.001
0.997	0.001	0.001	0.001
0.001	0.997	0.001	0.001
0.997	0.001	0.001	0.001
0.997	0.001	0.001	0.001
0.837	0.001	0.001	0.161
0.997	0.001	0.001	0.001
0.001	0.001	0.997	0.001
>GTSTCTTGTT	14-GTSTCTTGTT	7.791254	-11.041852	0	T:19.0(13.87%),B:2217.5(4.55%),P:1e-4	Tpos:95.5,Tstd:60.4,Bpos:103.9,Bstd:61.4,StrandBias:0.5,Multiplicity:1.16
0.001	0.001	0.997	0.001
0.001	0.006	0.370	0.623
0.001	0.501	0.497	0.001
0.001	0.001	0.173	0.825
0.001	0.811	0.001	0.187
0.156	0.181	0.216	0.447
0.001	0.014	0.147	0.838
0.001	0.001	0.980	0.018
0.295	0.161	0.001	0.543
0.001	0.012	0.327	0.660
