>TTGATTGACAGG	13-TTGATTGACAGG	8.718794	-50.968449	0	T:60.0(3.04%),B:280.3(0.62%),P:1e-22
0.090	0.089	0.163	0.658
0.097	0.001	0.032	0.870
0.001	0.001	0.966	0.032
0.966	0.032	0.001	0.001
0.098	0.123	0.130	0.649
0.001	0.130	0.099	0.770
0.065	0.033	0.869	0.033
0.804	0.065	0.098	0.033
0.001	0.934	0.001	0.064
0.944	0.001	0.001	0.054
0.130	0.001	0.835	0.034
0.065	0.098	0.739	0.098
