>GVGTCACGTGRS	12-GVGTCACGTGRS	7.556906	-57.231725	0	T:188.0(9.52%),B:1856.3(4.11%),P:1e-24
0.214	0.259	0.413	0.113
0.270	0.383	0.270	0.077
0.129	0.053	0.807	0.011
0.066	0.113	0.028	0.793
0.023	0.635	0.319	0.023
0.859	0.001	0.106	0.034
0.020	0.924	0.001	0.055
0.086	0.025	0.877	0.012
0.011	0.133	0.001	0.855
0.107	0.258	0.572	0.063
0.411	0.232	0.287	0.069
0.084	0.444	0.375	0.097
