>VTGATTGGCTGV	4-VTGATTGGCTGV	5.729441	-520.915372	0	T:840.0(42.55%),B:5947.4(13.16%),P:1e-226
0.281	0.324	0.321	0.074
0.091	0.203	0.224	0.481
0.121	0.052	0.724	0.103
0.824	0.001	0.115	0.060
0.030	0.051	0.001	0.918
0.102	0.009	0.009	0.880
0.035	0.069	0.863	0.033
0.035	0.009	0.947	0.009
0.116	0.594	0.033	0.257
0.152	0.207	0.125	0.516
0.112	0.241	0.483	0.164
0.240	0.228	0.366	0.166
