>GCCCCGCCCHHH	2-DDDGGGCGGGGC	7.487074	-764.979005	0	T:1105.0(55.98%),B:7720.1(17.09%),P:1e-332
0.239	0.078	0.483	0.200
0.071	0.424	0.243	0.263
0.206	0.479	0.050	0.266
0.197	0.679	0.057	0.067
0.041	0.847	0.052	0.060
0.064	0.022	0.817	0.097
0.031	0.850	0.068	0.051
0.032	0.837	0.043	0.088
0.060	0.528	0.036	0.376
0.303	0.351	0.014	0.332
0.208	0.339	0.156	0.296
0.207	0.252	0.185	0.356
