>CCAATCAGAGGC	8-CCAATCAGAGGC	7.669221	-114.209078	0	T:277.0(14.03%),B:2325.1(5.15%),P:1e-49
0.062	0.830	0.062	0.046
0.069	0.771	0.097	0.063
0.728	0.084	0.079	0.109
0.613	0.186	0.128	0.073
0.104	0.149	0.099	0.648
0.031	0.774	0.122	0.073
0.734	0.118	0.107	0.041
0.026	0.073	0.844	0.057
0.691	0.121	0.094	0.094
0.093	0.052	0.818	0.037
0.067	0.136	0.718	0.079
0.033	0.831	0.068	0.068
