>GCGCATGCGCAG	9-GCGCATGCGCAG	8.627196	-95.924724	0	T:264.0(13.37%),B:2384.3(5.28%),P:1e-41
0.069	0.043	0.869	0.019
0.093	0.855	0.028	0.024
0.064	0.024	0.879	0.033
0.036	0.925	0.016	0.023
0.693	0.165	0.083	0.059
0.063	0.092	0.100	0.745
0.010	0.015	0.956	0.019
0.007	0.926	0.038	0.029
0.017	0.042	0.843	0.098
0.009	0.909	0.024	0.058
0.767	0.052	0.079	0.102
0.127	0.120	0.636	0.117
