<!DOCTYPE HTML>
<html>
  <head>
    <meta charset="UTF-8">
    <title>Tomtom Results</title>
    <script>
      // @JSON_VAR data
      var data = {
        "program": "Tomtom",
        "version": "5.4.1",
        "release": "Sat Aug 21 19:23:23 2021 -0700",
        "cmd": [
          "tomtom", "-verbosity", "1", "-oc",
          "peaksSet1_promoters_nearest_gene_MEME_ChIP/streme_tomtom_out",
          "-min-overlap", "5", "-dist", "pearson", "-evalue", "-thresh", "1",
          "-no-ssc",
          "peaksSet1_promoters_nearest_gene_MEME_ChIP/streme_out/streme.xml",
          "/wistar/gardini/tools/meme/db/motif_databases/MOUSE/uniprobe_mouse.meme",
          "/wistar/gardini/tools/meme/db/motif_databases/JASPAR/JASPAR2022_CORE_vertebrates_non-redundant_v2.meme",
          "/wistar/gardini/tools/meme/db/motif_databases/EUKARYOTE/jolma2013.meme"
        ],
        "options": {
          "strands": "both",
          "distance_measure": "pearson",
          "threshold_type": "evalue",
          "threshold_value": 1,
          "background_source": "--query--"
        },
        "alphabet": {
          "name": "DNA",
          "like": "dna",
          "ncore": 4,
          "symbols": [
            {
              "symbol": "A",
              "name": "Adenine",
              "colour": "CC0000",
              "complement": "T"
            }, {
              "symbol": "C",
              "name": "Cytosine",
              "colour": "0000CC",
              "complement": "G"
            }, {
              "symbol": "G",
              "name": "Guanine",
              "colour": "FFB300",
              "complement": "C"
            }, {
              "symbol": "T",
              "aliases": "U",
              "name": "Thymine",
              "colour": "008000",
              "complement": "A"
            }, {
              "symbol": "N",
              "aliases": "X.",
              "name": "Any base",
              "equals": "ACGT"
            }, {
              "symbol": "V",
              "name": "Not T",
              "equals": "ACG"
            }, {
              "symbol": "H",
              "name": "Not G",
              "equals": "ACT"
            }, {
              "symbol": "D",
              "name": "Not C",
              "equals": "AGT"
            }, {
              "symbol": "B",
              "name": "Not A",
              "equals": "CGT"
            }, {
              "symbol": "M",
              "name": "Amino",
              "equals": "AC"
            }, {
              "symbol": "R",
              "name": "Purine",
              "equals": "AG"
            }, {
              "symbol": "W",
              "name": "Weak",
              "equals": "AT"
            }, {
              "symbol": "S",
              "name": "Strong",
              "equals": "CG"
            }, {
              "symbol": "Y",
              "name": "Pyrimidine",
              "equals": "CT"
            }, {
              "symbol": "K",
              "name": "Keto",
              "equals": "GT"
            }
          ]
        },
        "background": [0.25, 0.25, 0.25, 0.25],
        "query_dbs": [
          {
            "source": "peaksSet1_promoters_nearest_gene_MEME_ChIP/streme_out/streme.xml",
            "name": "streme.xml",
            "loaded": 10,
            "excluded": 0,
            "last_modified": "Thu Dec 14 18:44:42 2023"
          }
        ],
        "target_dbs": [
          {
            "source": "/wistar/gardini/tools/meme/db/motif_databases/MOUSE/uniprobe_mouse.meme",
            "name": "uniprobe_mouse",
            "loaded": 386,
            "excluded": 0,
            "last_modified": "Thu Mar 17 20:59:31 2022"
          }, {
            "source": "/wistar/gardini/tools/meme/db/motif_databases/JASPAR/JASPAR2022_CORE_vertebrates_non-redundant_v2.meme",
            "name": "JASPAR2022_CORE_vertebrates_non-redundant_v2",
            "loaded": 841,
            "excluded": 0,
            "last_modified": "Thu Mar 17 20:57:27 2022"
          }, {
            "source": "/wistar/gardini/tools/meme/db/motif_databases/EUKARYOTE/jolma2013.meme",
            "name": "jolma2013",
            "loaded": 843,
            "excluded": 0,
            "last_modified": "Thu Mar 17 20:57:23 2022"
          }
        ],
        "queries": [
          {
            "db": 0,
            "id": "1-RGGGGCGGGGCBNG",
            "alt": "STREME-1",
            "len": 14,
            "nsites": 1009,
            "evalue": "1.6e-019",
            "pwm": [
              [0.308555, 0.181044, 0.444794, 0.0656075], 
              [0.153641, 7.7105e-05, 0.689118, 0.157164], 
              [0.173369, 7.7105e-05, 0.826502, 5.25826e-05], 
              [5.25826e-05, 7.7105e-05, 0.999818, 5.25826e-05], 
              [5.25826e-05, 7.7105e-05, 0.999818, 5.25826e-05], 
              [5.25826e-05, 0.89891, 7.7105e-05, 0.100961], 
              [5.25826e-05, 7.7105e-05, 0.999818, 5.25826e-05], 
              [5.25826e-05, 7.7105e-05, 0.929364, 0.0705067], 
              [0.179845, 7.7105e-05, 0.752255, 0.067822], 
              [0.129848, 0.0705298, 0.771795, 0.0278267], 
              [0.123182, 0.744483, 7.7105e-05, 0.132259], 
              [0.111096, 0.413587, 0.216582, 0.258735], 
              [0.244623, 0.174319, 0.286664, 0.294396], 
              [0.19864, 0.22923, 0.461629, 0.110502]
            ]
          }, {
            "db": 0,
            "id": "10-GCGCAKGCGCAS",
            "alt": "STREME-10",
            "len": 12,
            "nsites": 95,
            "evalue": "6.4e-001",
            "pwm": [
              [0.163667, 0.0460618, 0.767094, 0.0231769], 
              [0.0231769, 0.975481, 0.000795881, 0.000546114], 
              [0.170296, 0.000795881, 0.828361, 0.000546114], 
              [0.000546114, 0.998112, 0.000795881, 0.000546114], 
              [0.941259, 0.000795881, 0.0573987, 0.000546114], 
              [0.0231812, 0.170633, 0.401653, 0.404533], 
              [0.000546114, 0.0347464, 0.952846, 0.0118615], 
              [0.000546114, 0.986796, 0.000795881, 0.0118615], 
              [0.0118615, 0.000795881, 0.986796, 0.000546114], 
              [0.000546114, 0.930215, 0.000795881, 0.0684427], 
              [0.75995, 0.0960405, 0.143463, 0.000546114], 
              [0.19294, 0.359604, 0.412961, 0.0344944]
            ]
          }, {
            "db": 0,
            "id": "2-KACGTCACC",
            "alt": "STREME-2",
            "len": 9,
            "nsites": 108,
            "evalue": "1.1e-005",
            "pwm": [
              [0.0103717, 0.0965451, 0.568894, 0.324189], 
              [0.998126, 0.000697257, 0.000697257, 0.000478891], 
              [0.000478891, 0.988452, 0.000697257, 0.0103717], 
              [0.311709, 0.000697257, 0.687115, 0.000478891], 
              [0.000478891, 0.000697257, 0.000697257, 0.998126], 
              [0.0746766, 0.71135, 0.134337, 0.0796362], 
              [0.998126, 0.000697257, 0.000697257, 0.000478891], 
              [0.0301573, 0.750663, 0.105703, 0.113476], 
              [0.109335, 0.594813, 0.153215, 0.142637]
            ]
          }, {
            "db": 0,
            "id": "3-YRRCCAATSRGMR",
            "alt": "STREME-3",
            "len": 13,
            "nsites": 456,
            "evalue": "1.3e-004",
            "pwm": [
              [0.0973881, 0.43393, 0.207839, 0.260844], 
              [0.529207, 0.0330493, 0.403772, 0.0339719], 
              [0.333653, 0.0283508, 0.565066, 0.0729311], 
              [0.000113604, 0.999608, 0.000165449, 0.000113604], 
              [0.000113604, 0.999608, 0.000165449, 0.000113604], 
              [0.999556, 0.000165449, 0.000165449, 0.000113604], 
              [0.997207, 0.000165449, 0.000165449, 0.00246238], 
              [0.000113604, 0.0166069, 0.000165449, 0.983114], 
              [0.13967, 0.53063, 0.315493, 0.0142063], 
              [0.575209, 0.0565365, 0.368141, 0.000113604], 
              [0.180977, 0.231329, 0.52651, 0.0611841], 
              [0.448353, 0.246409, 0.194727, 0.110513], 
              [0.323857, 0.0541891, 0.530633, 0.0913207]
            ]
          }, {
            "db": 0,
            "id": "4-CACTTCCG",
            "alt": "STREME-4",
            "len": 8,
            "nsites": 42,
            "evalue": "1.8e-003",
            "pwm": [
              [0.0163291, 0.937137, 0.0302051, 0.0163291], 
              [0.923261, 0.0302051, 0.0302051, 0.0163291], 
              [0.0163291, 0.937137, 0.0302051, 0.0163291], 
              [0.0163291, 0.0302051, 0.0302051, 0.923261], 
              [0.0163291, 0.0302051, 0.0302051, 0.923261], 
              [0.0163291, 0.937137, 0.0302051, 0.0163291], 
              [0.0163291, 0.937137, 0.0302051, 0.0163291], 
              [0.0163291, 0.0302051, 0.937137, 0.0163291]
            ]
          }, {
            "db": 0,
            "id": "5-RACTACAAYTCCCA",
            "alt": "STREME-5",
            "len": 14,
            "nsites": 113,
            "evalue": "7.4e-003",
            "pwm": [
              [0.391755, 0.0202418, 0.577758, 0.0102459], 
              [0.998171, 0.000681724, 0.000681724, 0.000465846], 
              [0.0102459, 0.988606, 0.000681724, 0.000465846], 
              [0.000465846, 0.0691423, 0.000681724, 0.92971], 
              [0.890586, 0.039802, 0.0202418, 0.0493699], 
              [0.000465846, 0.959266, 0.000681724, 0.0395861], 
              [0.841686, 0.0300257, 0.0887023, 0.0395861], 
              [0.646073, 0.108266, 0.0495821, 0.196079], 
              [0.137395, 0.313719, 0.166957, 0.381929], 
              [0.06893, 0.137625, 0.0202418, 0.773203], 
              [0.000465846, 0.978826, 0.000681724, 0.020026], 
              [0.000465846, 0.998387, 0.000681724, 0.000465846], 
              [0.0493885, 0.949464, 0.000681724, 0.000465846], 
              [0.763416, 0.000681724, 0.206093, 0.0298098]
            ]
          }, {
            "db": 0,
            "id": "6-ACTGATCA",
            "alt": "STREME-6",
            "len": 8,
            "nsites": 29,
            "evalue": "3.1e-002",
            "pwm": [
              [0.922545, 0.0304389, 0.0304389, 0.0165776], 
              [0.0165776, 0.936406, 0.0304389, 0.0165776], 
              [0.0165776, 0.0304389, 0.0304389, 0.922545], 
              [0.0165776, 0.0304389, 0.936406, 0.0165776], 
              [0.922545, 0.0304389, 0.0304389, 0.0165776], 
              [0.0165776, 0.0304389, 0.0304389, 0.922545], 
              [0.0165776, 0.936406, 0.0304389, 0.0165776], 
              [0.922545, 0.0304389, 0.0304389, 0.0165776]
            ]
          }, {
            "db": 0,
            "id": "7-ACGTGAC",
            "alt": "STREME-7",
            "len": 7,
            "nsites": 46,
            "evalue": "3.4e-002",
            "pwm": [
              [0.9234, 0.0301597, 0.0301597, 0.0162808], 
              [0.0162808, 0.937279, 0.0301597, 0.0162808], 
              [0.0162808, 0.0301597, 0.937279, 0.0162808], 
              [0.0162808, 0.0301597, 0.0301597, 0.9234], 
              [0.0162808, 0.0301597, 0.937279, 0.0162808], 
              [0.9234, 0.0301597, 0.0301597, 0.0162808], 
              [0.0162808, 0.937279, 0.0301597, 0.0162808]
            ]
          }, {
            "db": 0,
            "id": "8-GGCTCTGCCTAC",
            "alt": "STREME-8",
            "len": 12,
            "nsites": 48,
            "evalue": "1.2e-001",
            "pwm": [
              [0.139828, 0.0247288, 0.834345, 0.00109846], 
              [0.0473386, 0.0016088, 0.949954, 0.00109846], 
              [0.116699, 0.857474, 0.0016088, 0.0242185], 
              [0.0473386, 0.0016088, 0.094089, 0.856963], 
              [0.00109846, 0.764914, 0.0478489, 0.186138], 
              [0.00109846, 0.0016088, 0.0478489, 0.949444], 
              [0.0242185, 0.117218, 0.857465, 0.00109846], 
              [0.00109846, 0.880567, 0.117236, 0.00109846], 
              [0.00109846, 0.903714, 0.0016088, 0.0935787], 
              [0.0242185, 0.0247288, 0.0016088, 0.949444], 
              [0.972564, 0.0016088, 0.0247288, 0.00109846], 
              [0.0704586, 0.857474, 0.0478489, 0.0242185]
            ]
          }, {
            "db": 0,
            "id": "9-AGAGATATGTCACAA",
            "alt": "STREME-9",
            "len": 15,
            "nsites": 30,
            "evalue": "2.5e-001",
            "pwm": [
              [0.92508, 0.00244042, 0.0707936, 0.00168603], 
              [0.0700522, 0.00244042, 0.891645, 0.0358626], 
              [0.856708, 0.00244042, 0.10497, 0.0358821], 
              [0.0358626, 0.036617, 0.891658, 0.0358626], 
              [0.890891, 0.00244042, 0.0708066, 0.0358626], 
              [0.00168603, 0.00244042, 0.00244042, 0.993433], 
              [0.890904, 0.036617, 0.036617, 0.0358626], 
              [0.00168603, 0.00244042, 0.00244042, 0.993433], 
              [0.00168603, 0.00244042, 0.994187, 0.00168603], 
              [0.00168603, 0.00244042, 0.036617, 0.959257], 
              [0.0358626, 0.891658, 0.0707936, 0.00168603], 
              [0.890897, 0.036617, 0.036617, 0.0358692], 
              [0.0700392, 0.891658, 0.036617, 0.00168603], 
              [0.92508, 0.036617, 0.00244042, 0.0358626], 
              [0.993433, 0.00244042, 0.00244042, 0.00168603]
            ]
          }
        ],
        "targets": [
          {
            "db": 0,
            "id": "UP00000_2",
            "alt": "Smad3_secondary",
            "len": 17,
            "nsites": 20,
            "url": "http://thebrain.bwh.harvard.edu/uniprobe/details2.php?id=00000",
            "pwm": [
              [0.151162, 0.132367, 0.245687, 0.470783], 
              [0.316485, 0.287128, 0.151322, 0.245065], 
              [0.256441, 0.408275, 0.110398, 0.224887], 
              [0.210842, 0.22037, 0.344537, 0.224251], 
              [0.167094, 0.507651, 0.0825134, 0.242741], 
              [0.0503493, 0.756846, 0.0892925, 0.103512], 
              [0.048605, 0.782882, 0.122594, 0.0459184], 
              [0.00582687, 0.941476, 0.0357672, 0.0169294], 
              [0.0412955, 0.0516438, 0.887196, 0.0198637], 
              [0.00426667, 0.910397, 0.0235811, 0.0617552], 
              [0.0297731, 0.938037, 0.0134587, 0.0187313], 
              [0.633326, 0.14028, 0.111189, 0.115205], 
              [0.240066, 0.385272, 0.183182, 0.191481], 
              [0.210627, 0.274007, 0.085991, 0.429375], 
              [0.0889234, 0.45358, 0.209193, 0.248303], 
              [0.181611, 0.264953, 0.149525, 0.40391], 
              [0.101811, 0.252669, 0.367952, 0.277568]
            ]
          }, {
            "db": 0,
            "id": "UP00002_1",
            "alt": "Sp4_primary",
            "len": 17,
            "nsites": 20,
            "url": "http://thebrain.bwh.harvard.edu/uniprobe/details2.php?id=00002",
            "pwm": [
              [0.155857, 0.223512, 0.373835, 0.246796], 
              [0.24712, 0.160032, 0.344638, 0.24821], 
              [0.238944, 0.258312, 0.165725, 0.337019], 
              [0.255584, 0.488394, 0.052608, 0.203415], 
              [0.449104, 0.543913, 0.00230945, 0.00467363], 
              [0.00492935, 0.98732, 0.00368756, 0.00406269], 
              [0.0365711, 0.00304876, 0.924755, 0.0356249], 
              [0.00273035, 0.987717, 0.0046408, 0.00491144], 
              [0.00427363, 0.986943, 0.0064, 0.00238308], 
              [0.00222886, 0.959689, 0.00245274, 0.0356289], 
              [0.148523, 0.835469, 0.00190647, 0.0141015], 
              [0.0154338, 0.902584, 0.00840796, 0.0735741], 
              [0.0842229, 0.269968, 0.0593214, 0.586488], 
              [0.149643, 0.2866, 0.143335, 0.420422], 
              [0.205076, 0.346711, 0.253339, 0.194873], 
              [0.184768, 0.29966, 0.194685, 0.320888], 
              [0.126411, 0.379462, 0.245341, 0.248786]
            ]
          }, {
            "db": 0,
            "id": "UP00013_1",
            "alt": "Gabpa_primary",
            "len": 17,
            "nsites": 20,
            "url": "http://thebrain.bwh.harvard.edu/uniprobe/details2.php?id=00013",
            "pwm": [
              [0.347094, 0.361941, 0.123201, 0.167764], 
              [0.291309, 0.289287, 0.243364, 0.17604], 
              [0.443713, 0.20252, 0.118378, 0.235388], 
              [0.28664, 0.160938, 0.155471, 0.396951], 
              [0.774584, 0.0322567, 0.139222, 0.0539383], 
              [0.0213303, 0.932048, 0.042205, 0.00441791], 
              [0.0459741, 0.943946, 0.00772836, 0.00235025], 
              [0.00618109, 0.00354726, 0.98732, 0.00295124], 
              [0.00380299, 0.00399602, 0.988662, 0.0035393], 
              [0.98536, 0.00295821, 0.00300398, 0.00867761], 
              [0.895438, 0.00543582, 0.00235323, 0.0967731], 
              [0.220086, 0.0217473, 0.752042, 0.00612537], 
              [0.0228219, 0.135034, 0.015604, 0.82654], 
              [0.197587, 0.177265, 0.361905, 0.263243], 
              [0.245998, 0.264791, 0.197598, 0.291613], 
              [0.322975, 0.203247, 0.196063, 0.277715], 
              [0.279209, 0.250352, 0.25047, 0.219969]
            ]
          }, {
            "db": 0,
            "id": "UP00015_1",
            "alt": "Ehf_primary",
            "len": 15,
            "nsites": 20,
            "url": "http://thebrain.bwh.harvard.edu/uniprobe/details2.php?id=00015",
            "pwm": [
              [0.326854, 0.303768, 0.232263, 0.137115], 
              [0.198563, 0.222894, 0.316091, 0.262453], 
              [0.252361, 0.217243, 0.267124, 0.263271], 
              [0.631872, 0.0408458, 0.0379741, 0.289307], 
              [0.160851, 0.384039, 0.220817, 0.234294], 
              [0.134781, 0.588847, 0.265994, 0.0103771], 
              [0.211127, 0.753461, 0.0314706, 0.0039403], 
              [0.0130408, 0.00270846, 0.980486, 0.00376418], 
              [0.00446269, 0.0028408, 0.985786, 0.00691045], 
              [0.980536, 0.00364975, 0.00407164, 0.0117423], 
              [0.881335, 0.00388159, 0.00332836, 0.111455], 
              [0.249052, 0.0555791, 0.688745, 0.00662388], 
              [0.125226, 0.155143, 0.048604, 0.671027], 
              [0.374594, 0.111255, 0.230472, 0.28368], 
              [0.40219, 0.187103, 0.219702, 0.191005]
            ]
          }, {
            "db": 0,
            "id": "UP00020_1",
            "alt": "Atf1_primary",
            "len": 16,
            "nsites": 20,
            "url": "http://thebrain.bwh.harvard.edu/uniprobe/details2.php?id=00020",
            "pwm": [
              [0.380682, 0.1357, 0.244912, 0.238704], 
              [0.140088, 0.418775, 0.195935, 0.245202], 
              [0.158527, 0.0992468, 0.409178, 0.333047], 
              [0.471648, 0.0973572, 0.387558, 0.0434358], 
              [0.0100677, 0.0299114, 0.00654925, 0.953473], 
              [0.0152756, 0.0154418, 0.860424, 0.108859], 
              [0.959049, 0.00587363, 0.013001, 0.0220766], 
              [0.0043194, 0.945621, 0.00439303, 0.0456677], 
              [0.0456677, 0.00439303, 0.945621, 0.0043194], 
              [0.0220766, 0.013001, 0.00587363, 0.959049], 
              [0.108859, 0.860424, 0.0154418, 0.0152756], 
              [0.953473, 0.00654925, 0.0299114, 0.0100677], 
              [0.0507572, 0.357326, 0.145349, 0.446567], 
              [0.22589, 0.447445, 0.142876, 0.183791], 
              [0.264693, 0.0983851, 0.491822, 0.1451], 
              [0.35181, 0.180626, 0.236833, 0.230731]
            ]
          }, {
            "db": 0,
            "id": "UP00021_1",
            "alt": "Zfp281_primary",
            "len": 15,
            "nsites": 20,
            "url": "http://thebrain.bwh.harvard.edu/uniprobe/details2.php?id=00021",
            "pwm": [
              [0.201776, 0.165635, 0.201566, 0.431024], 
              [0.136719, 0.442489, 0.179485, 0.241307], 
              [0.263084, 0.553619, 0.0688886, 0.114409], 
              [0.142719, 0.735208, 0.0467383, 0.0753343], 
              [0.046002, 0.880957, 0.0463741, 0.0266657], 
              [0.246452, 0.588884, 0.0237861, 0.140879], 
              [0.123681, 0.589559, 0.0341512, 0.252609], 
              [0.0193065, 0.941286, 0.0114468, 0.0279612], 
              [0.0365264, 0.950342, 0.00521194, 0.0079194], 
              [0.0211443, 0.95084, 0.0071801, 0.0208358], 
              [0.0164667, 0.960836, 0.00796517, 0.0147333], 
              [0.0296667, 0.932738, 0.0128458, 0.0247493], 
              [0.299878, 0.515979, 0.030796, 0.153346], 
              [0.159515, 0.512132, 0.0528199, 0.275532], 
              [0.158629, 0.64508, 0.133837, 0.0624537]
            ]
          }, {
            "db": 0,
            "id": "UP00050_1",
            "alt": "Bhlhb2_primary",
            "len": 22,
            "nsites": 20,
            "url": "http://thebrain.bwh.harvard.edu/uniprobe/details2.php?id=00050",
            "pwm": [
              [0.34735, 0.113034, 0.402948, 0.136669], 
              [0.298089, 0.1757, 0.324163, 0.202049], 
              [0.420936, 0.22269, 0.114294, 0.242081], 
              [0.386822, 0.131264, 0.161876, 0.320039], 
              [0.197446, 0.24489, 0.304339, 0.253325], 
              [0.345407, 0.189091, 0.278149, 0.187354], 
              [0.228311, 0.142685, 0.407482, 0.221523], 
              [0.0381851, 0.00798209, 0.231866, 0.721968], 
              [0.0561831, 0.939353, 0.00242985, 0.00203383], 
              [0.970516, 0.00568756, 0.0167015, 0.00709453], 
              [0.00154229, 0.954622, 0.00870448, 0.0351303], 
              [0.0351303, 0.00870448, 0.954622, 0.00154229], 
              [0.00709453, 0.0167015, 0.00568756, 0.970516], 
              [0.00203383, 0.00242985, 0.939353, 0.0561831], 
              [0.721968, 0.231866, 0.00798209, 0.0381851], 
              [0.0168856, 0.465399, 0.314884, 0.202832], 
              [0.17405, 0.354647, 0.210905, 0.260397], 
              [0.406636, 0.261482, 0.135005, 0.196878], 
              [0.350973, 0.209899, 0.262364, 0.176765], 
              [0.208079, 0.28441, 0.199205, 0.308306], 
              [0.433564, 0.114402, 0.184734, 0.2673], 
              [0.211337, 0.363179, 0.174356, 0.251127]
            ]
          }, {
            "db": 0,
            "id": "UP00093_1",
            "alt": "Klf7_primary",
            "len": 16,
            "nsites": 20,
            "url": "http://thebrain.bwh.harvard.edu/uniprobe/details2.php?id=00093",
            "pwm": [
              [0.20474, 0.19861, 0.17161, 0.42504], 
              [0.1676, 0.296552, 0.246101, 0.289747], 
              [0.267244, 0.148508, 0.397934, 0.186312], 
              [0.547897, 0.0611114, 0.336667, 0.0543254], 
              [0.0517373, 0.896779, 0.0233025, 0.0281821], 
              [0.0389602, 0.916997, 0.00956219, 0.0344806], 
              [0.409558, 0.565126, 0.0174299, 0.00788557], 
              [0.0107224, 0.97871, 0.00229851, 0.00826866], 
              [0.204519, 0.00232239, 0.746087, 0.0470706], 
              [0.0051791, 0.984816, 0.00405075, 0.00595522], 
              [0.00548657, 0.98515, 0.00553333, 0.00382886], 
              [0.00398806, 0.926168, 0.00248159, 0.0673612], 
              [0.260281, 0.420829, 0.0258408, 0.29305], 
              [0.185122, 0.247708, 0.0860567, 0.481112], 
              [0.347052, 0.197606, 0.140508, 0.314835], 
              [0.255255, 0.167035, 0.242335, 0.335375]
            ]
          }, {
            "db": 0,
            "id": "UP00103_1",
            "alt": "Jundm2_primary",
            "len": 16,
            "nsites": 20,
            "url": "http://thebrain.bwh.harvard.edu/uniprobe/details2.php?id=00103",
            "pwm": [
              [0.213207, 0.312242, 0.241768, 0.232782], 
              [0.127491, 0.452766, 0.251398, 0.168345], 
              [0.128534, 0.139096, 0.527251, 0.205119], 
              [0.571066, 0.136646, 0.242146, 0.0501413], 
              [0.00579005, 0.016403, 0.00444279, 0.973364], 
              [0.00581493, 0.00922786, 0.833508, 0.151449], 
              [0.962983, 0.00448259, 0.0111413, 0.021393], 
              [0.00287164, 0.896418, 0.0060995, 0.0946109], 
              [0.0946109, 0.0060995, 0.896418, 0.00287164], 
              [0.021393, 0.0111413, 0.00448259, 0.962983], 
              [0.151449, 0.833508, 0.00922786, 0.00581493], 
              [0.973364, 0.00444279, 0.016403, 0.00579005], 
              [0.0077194, 0.323938, 0.0411701, 0.627172], 
              [0.171122, 0.553416, 0.11742, 0.158042], 
              [0.255936, 0.171376, 0.43001, 0.142679], 
              [0.228707, 0.267369, 0.166616, 0.337307]
            ]
          }, {
            "db": 1,
            "id": "MA0018.4",
            "alt": "CREB1",
            "len": 13,
            "nsites": 79544,
            "url": "http://jaspar2022.genereg.net/matrix/MA0018.4",
            "pwm": [
              [0.268971, 0.22414, 0.195741, 0.311149], 
              [0.265111, 0.189153, 0.265312, 0.280423], 
              [0.359135, 0.163834, 0.349442, 0.12759], 
              [0.0240243, 0.0121953, 0.0139423, 0.949838], 
              [0.0217243, 0.0288903, 0.912136, 0.0372503], 
              [0.924079, 0.0219753, 0.0252943, 0.0286513], 
              [0.0274823, 0.177814, 0.0796922, 0.715012], 
              [0.0178143, 0.0238233, 0.935343, 0.0230193], 
              [0.111749, 0.0154763, 0.0151743, 0.8576], 
              [0.0444163, 0.904932, 0.0273693, 0.0232833], 
              [0.95317, 0.0127983, 0.0153633, 0.0186693], 
              [0.129325, 0.271322, 0.186086, 0.413268], 
              [0.282711, 0.275018, 0.170346, 0.271925]
            ]
          }, {
            "db": 1,
            "id": "MA0028.2",
            "alt": "ELK1",
            "len": 10,
            "nsites": 67234,
            "url": "http://jaspar2022.genereg.net/matrix/MA0028.2",
            "pwm": [
              [0.681306, 0.0409023, 0.192745, 0.0850462], 
              [0.0249703, 0.939861, 0.0303253, 0.00484236], 
              [0.00776336, 0.990506, 0.00127637, 0.000454371], 
              [3.71835e-07, 0.000458371, 0.998974, 0.000567371], 
              [8.63717e-05, 0.000880371, 0.983721, 0.0153123], 
              [0.993062, 0.00505136, 0.00134437, 0.000542371], 
              [0.94711, 0.00688536, 0.00124137, 0.0447643], 
              [0.0585883, 0.0458643, 0.889835, 0.00571136], 
              [0.0169143, 0.116499, 0.0207373, 0.845849], 
              [0.289781, 0.145676, 0.377082, 0.18746]
            ]
          }, {
            "db": 1,
            "id": "MA0039.4",
            "alt": "KLF4",
            "len": 12,
            "nsites": 55817,
            "url": "http://jaspar2022.genereg.net/matrix/MA0039.4",
            "pwm": [
              [0.2252, 0.313883, 0.255173, 0.205744], 
              [0.205798, 0.2515, 0.330957, 0.211746], 
              [0.0441624, 0.881612, 0.0283614, 0.0458644], 
              [0.0377134, 0.857533, 0.0217504, 0.0830033], 
              [0.125786, 0.813461, 0.0254764, 0.0352764], 
              [0.0210154, 0.947291, 0.0142074, 0.0174864], 
              [0.81699, 0.00288444, 0.118208, 0.0619173], 
              [0.0152644, 0.938172, 0.0263364, 0.0202274], 
              [0.0289704, 0.915706, 0.0335024, 0.0218214], 
              [0.0215354, 0.914505, 0.0180054, 0.0459544], 
              [0.291381, 0.326943, 0.112726, 0.26895], 
              [0.178422, 0.344286, 0.25838, 0.218912]
            ]
          }, {
            "db": 1,
            "id": "MA0060.3",
            "alt": "NFYA",
            "len": 11,
            "nsites": 4825,
            "url": "http://jaspar2022.genereg.net/matrix/MA0060.3",
            "pwm": [
              [0.393158, 0.156893, 0.376163, 0.0737857], 
              [0.398753, 0.0837344, 0.385075, 0.132437], 
              [0.00477208, 0.965166, 0.00705204, 0.0230097], 
              [0.00643005, 0.976773, 0.00580806, 0.010989], 
              [0.970555, 0.00601506, 0.00352811, 0.0199008], 
              [0.950037, 0.0194868, 0.0257036, 0.00477208], 
              [0.00767302, 0.0273626, 0.00228513, 0.962679], 
              [0.0344085, 0.873562, 0.0661178, 0.0259116], 
              [0.847242, 0.0441493, 0.10135, 0.00725903], 
              [0.126635, 0.234404, 0.562274, 0.0766876], 
              [0.384453, 0.28373, 0.183835, 0.147981]
            ]
          }, {
            "db": 1,
            "id": "MA0062.3",
            "alt": "GABPA",
            "len": 14,
            "nsites": 65479,
            "url": "http://jaspar2022.genereg.net/matrix/MA0062.3",
            "pwm": [
              [0.242627, 0.258434, 0.243513, 0.255425], 
              [0.167703, 0.331083, 0.210006, 0.291208], 
              [0.116663, 0.632232, 0.106737, 0.144367], 
              [0.798117, 0.0609053, 0.0744213, 0.0665563], 
              [0.0141884, 0.850104, 0.0331253, 0.102583], 
              [0.0593323, 0.0220383, 0.0147384, 0.903892], 
              [0.0131654, 0.0187854, 0.0249393, 0.943111], 
              [0.0213503, 0.937292, 0.0175634, 0.0237943], 
              [0.0151654, 0.963774, 0.00794137, 0.0131194], 
              [0.0262993, 0.0235503, 0.0696563, 0.880495], 
              [0.0338893, 0.0966422, 0.792925, 0.0765443], 
              [0.0816143, 0.183356, 0.1179, 0.617128], 
              [0.181783, 0.277249, 0.230318, 0.310649], 
              [0.206509, 0.265459, 0.201393, 0.326639]
            ]
          }, {
            "db": 1,
            "id": "MA0076.2",
            "alt": "ELK4",
            "len": 11,
            "nsites": 3427,
            "url": "http://jaspar2022.genereg.net/matrix/MA0076.2",
            "pwm": [
              [0.0869618, 0.42544, 0.258535, 0.229064], 
              [0.114098, 0.555871, 0.166328, 0.163703], 
              [0.593512, 0.0423171, 0.302887, 0.0612835], 
              [7.2948e-06, 0.784343, 0.00467616, 0.210973], 
              [0.00234123, 7.2948e-06, 7.2948e-06, 0.997644], 
              [7.2948e-06, 7.2948e-06, 7.2948e-06, 0.999978], 
              [7.2948e-06, 0.999978, 7.2948e-06, 7.2948e-06], 
              [7.2948e-06, 0.999978, 7.2948e-06, 7.2948e-06], 
              [7.2948e-06, 7.2948e-06, 0.85058, 0.149405], 
              [7.2948e-06, 0.146195, 0.829572, 0.0242256], 
              [0.0846268, 0.365623, 0.194925, 0.354826]
            ]
          }, {
            "db": 1,
            "id": "MA0079.5",
            "alt": "SP1",
            "len": 9,
            "nsites": 1000,
            "url": "http://jaspar2022.genereg.net/matrix/MA0079.5",
            "pwm": [
              [0.00107989, 0.00107989, 0.950352, 0.0474883], 
              [0.00107989, 0.00107989, 0.99676, 0.00107989], 
              [0.00107989, 0.00107989, 0.99676, 0.00107989], 
              [0.00107989, 0.00107989, 0.99676, 0.00107989], 
              [0.266876, 0.730964, 0.00107989, 0.00107989], 
              [0.00107989, 0.00107989, 0.99676, 0.00107989], 
              [0.00107989, 0.0854595, 0.912381, 0.00107989], 
              [0.254219, 0.0517078, 0.659242, 0.0348315], 
              [0.161401, 0.00107989, 0.836439, 0.00107989]
            ]
          }, {
            "db": 1,
            "id": "MA0098.3",
            "alt": "ETS1",
            "len": 10,
            "nsites": 3774,
            "url": "http://jaspar2022.genereg.net/matrix/MA0098.3",
            "pwm": [
              [0.710905, 0.0556491, 0.169583, 0.0638629], 
              [0.0565731, 0.843164, 0.0933422, 0.00692044], 
              [0.13644, 0.8613, 0.00225356, 6.6241e-06], 
              [6.6241e-06, 0.00777242, 0.992214, 6.6241e-06], 
              [6.6241e-06, 6.6241e-06, 0.995527, 0.00445951], 
              [0.99998, 6.6241e-06, 6.6241e-06, 6.6241e-06], 
              [0.738698, 0.00248456, 0.0085414, 0.250275], 
              [0.405889, 0.00774142, 0.581943, 0.00442651], 
              [0.0307488, 0.245941, 0.0428375, 0.680473], 
              [0.299291, 0.149463, 0.403649, 0.147599]
            ]
          }, {
            "db": 1,
            "id": "MA0146.2",
            "alt": "Zfx",
            "len": 14,
            "nsites": 477,
            "url": "http://jaspar2022.genereg.net/matrix/MA0146.2",
            "pwm": [
              [0.104852, 0.37314, 0.375236, 0.146773], 
              [0.123716, 0.356372, 0.362659, 0.157252], 
              [0.190389, 0.315886, 0.416283, 0.0774422], 
              [0.150334, 0.102327, 0.619964, 0.127375], 
              [0.020838, 0.617387, 0.299366, 0.0624093], 
              [0.0125238, 0.750415, 0.00420953, 0.232852], 
              [0.0624093, 0.257794, 0.38043, 0.299366], 
              [0.397058, 0.318073, 0.253637, 0.0312309], 
              [0.0166809, 0.00420953, 0.976979, 0.00213096], 
              [5.23999e-05, 0.00628809, 0.991529, 0.00213096], 
              [5.23999e-05, 0.999843, 5.23999e-05, 5.23999e-05], 
              [5.23999e-05, 0.997764, 5.23999e-05, 0.00213096], 
              [5.23999e-05, 0.00213096, 5.23999e-05, 0.997764], 
              [0.175016, 0.254166, 0.454124, 0.116695]
            ]
          }, {
            "db": 1,
            "id": "MA0156.3",
            "alt": "FEV",
            "len": 12,
            "nsites": 14122,
            "url": "http://jaspar2022.genereg.net/matrix/MA0156.3",
            "pwm": [
              [0.361775, 0.185739, 0.32205, 0.130436], 
              [0.841125, 0.0270026, 0.0916311, 0.0402415], 
              [0.0185126, 0.955944, 0.0214826, 0.00406074], 
              [0.0137647, 0.984499, 0.00173476, 1.77027e-06], 
              [1.77027e-06, 1.77027e-06, 0.999995, 1.77027e-06], 
              [0.00728172, 1.77027e-06, 0.990152, 0.00256475], 
              [0.991677, 0.00606073, 0.00154176, 0.000720765], 
              [0.93088, 0.0100267, 0.00135176, 0.0577424], 
              [0.224324, 0.0153567, 0.757673, 0.00264575], 
              [0.0105917, 0.151791, 0.0154327, 0.822185], 
              [0.236396, 0.222693, 0.402819, 0.138092], 
              [0.319457, 0.24956, 0.29067, 0.140314]
            ]
          }, {
            "db": 1,
            "id": "MA0464.2",
            "alt": "BHLHE40",
            "len": 10,
            "nsites": 11222,
            "url": "http://jaspar2022.genereg.net/matrix/MA0464.2",
            "pwm": [
              [0.340758, 0.26956, 0.260738, 0.128944], 
              [0.106233, 0.0367359, 0.381853, 0.475177], 
              [0.00522618, 0.99353, 2.22775e-06, 0.00124122], 
              [0.975226, 0.0112991, 0.00678017, 0.00669417], 
              [0.00204121, 0.994939, 0.000179226, 0.0028392], 
              [0.00583318, 0.0026532, 0.991511, 2.22775e-06], 
              [0.0142461, 0.021155, 0.00742316, 0.957176], 
              [0.000356225, 0.00106322, 0.992212, 0.00636817], 
              [0.500125, 0.446796, 0.0108871, 0.0421929], 
              [0.137588, 0.508464, 0.123419, 0.230529]
            ]
          }, {
            "db": 1,
            "id": "MA0471.2",
            "alt": "E2F6",
            "len": 13,
            "nsites": 33098,
            "url": "http://jaspar2022.genereg.net/matrix/MA0471.2",
            "pwm": [
              [0.220436, 0.243972, 0.373376, 0.162215], 
              [0.253157, 0.22373, 0.351955, 0.171158], 
              [0.288144, 0.154148, 0.349326, 0.208381], 
              [0.0637506, 0.0346857, 0.887876, 0.0136877], 
              [0.00803773, 0.0252897, 0.960479, 0.00619474], 
              [0.116503, 0.798354, 0.0209387, 0.0642036], 
              [0.0354406, 0.0162857, 0.923709, 0.0245637], 
              [0.0102127, 0.0131137, 0.966008, 0.0106657], 
              [0.0106967, 0.0251987, 0.955161, 0.00894373], 
              [0.886366, 0.0353806, 0.0701555, 0.00809773], 
              [0.777235, 0.0481906, 0.151701, 0.0228717], 
              [0.271769, 0.223881, 0.378573, 0.125778], 
              [0.230105, 0.256118, 0.344583, 0.169195]
            ]
          }, {
            "db": 1,
            "id": "MA0473.3",
            "alt": "ELF1",
            "len": 14,
            "nsites": 47770,
            "url": "http://jaspar2022.genereg.net/matrix/MA0473.3",
            "pwm": [
              [0.390999, 0.180595, 0.241574, 0.186833], 
              [0.390371, 0.163994, 0.236655, 0.208981], 
              [0.365083, 0.265836, 0.218547, 0.150534], 
              [0.0647694, 0.793865, 0.100879, 0.0404864], 
              [0.882645, 0.0845303, 0.0195105, 0.0133145], 
              [0.00669951, 0.0088135, 0.976385, 0.00810151], 
              [0.0135865, 0.0105715, 0.962318, 0.0135235], 
              [0.961481, 0.0166635, 0.0141515, 0.00770451], 
              [0.9471, 0.0147585, 0.0163075, 0.0218345], 
              [0.0850533, 0.0328665, 0.873727, 0.00835351], 
              [0.0629894, 0.0417214, 0.0420144, 0.853275], 
              [0.119071, 0.0886753, 0.72759, 0.0646644], 
              [0.262947, 0.247917, 0.354197, 0.134938], 
              [0.251622, 0.265459, 0.282018, 0.2009]
            ]
          }, {
            "db": 1,
            "id": "MA0474.3",
            "alt": "Erg",
            "len": 14,
            "nsites": 30061,
            "url": "http://jaspar2022.genereg.net/matrix/MA0474.3",
            "pwm": [
              [0.32647, 0.208077, 0.282891, 0.182562], 
              [0.310269, 0.239014, 0.287449, 0.163268], 
              [0.654934, 0.0912155, 0.164199, 0.0896515], 
              [0.0611096, 0.823623, 0.0908825, 0.0243848], 
              [0.89062, 0.0851275, 0.0154028, 0.0088498], 
              [0.00565581, 0.00442482, 0.983398, 0.00652081], 
              [0.0098808, 0.0088158, 0.972055, 0.0092488], 
              [0.972953, 0.0118098, 0.0091158, 0.00612181], 
              [0.927479, 0.0123088, 0.0092158, 0.0509967], 
              [0.162802, 0.0390217, 0.785068, 0.0131078], 
              [0.0771106, 0.110109, 0.0954735, 0.717306], 
              [0.161206, 0.131, 0.59938, 0.108413], 
              [0.277536, 0.223279, 0.334719, 0.164466], 
              [0.238116, 0.258741, 0.292173, 0.210971]
            ]
          }, {
            "db": 1,
            "id": "MA0475.2",
            "alt": "FLI1",
            "len": 10,
            "nsites": 54661,
            "url": "http://jaspar2022.genereg.net/matrix/MA0475.2",
            "pwm": [
              [0.797387, 0.0267104, 0.0938883, 0.0820153], 
              [0.0601293, 0.895688, 0.0381824, 0.00600145], 
              [0.0603673, 0.937695, 0.00193645, 4.57364e-07], 
              [0.000115457, 4.57364e-07, 0.999838, 4.64573e-05], 
              [4.57364e-07, 4.57364e-07, 0.998624, 0.00137545], 
              [0.99883, 0.000481456, 0.000435457, 0.000252457], 
              [0.873378, 0.00460945, 0.000481456, 0.121531], 
              [0.431859, 0.0127284, 0.553535, 0.00187645], 
              [0.0193034, 0.24044, 0.0427384, 0.697518], 
              [0.244161, 0.177029, 0.425825, 0.152985]
            ]
          }, {
            "db": 1,
            "id": "MA0488.1",
            "alt": "JUN",
            "len": 13,
            "nsites": 20968,
            "url": "http://jaspar2022.genereg.net/matrix/MA0488.1",
            "pwm": [
              [0.388257, 0.133156, 0.233403, 0.245183], 
              [0.339374, 0.140119, 0.237743, 0.282764], 
              [0.309805, 0.0907578, 0.46175, 0.137687], 
              [0.78815, 0.034768, 0.177079, 1.19229e-06], 
              [1.19229e-06, 1.19229e-06, 1.19229e-06, 0.999996], 
              [1.19229e-06, 1.19229e-06, 0.994321, 0.00567617], 
              [0.999948, 1.19229e-06, 1.19229e-06, 4.91921e-05], 
              [1.19229e-06, 0.163964, 0.215185, 0.620849], 
              [1.19229e-06, 0.0289981, 0.971, 1.19229e-06], 
              [0.044736, 0.168399, 1.19229e-06, 0.786863], 
              [0.329264, 0.670734, 1.19229e-06, 1.19229e-06], 
              [0.999996, 1.19229e-06, 1.19229e-06, 1.19229e-06], 
              [0.00968215, 0.17665, 0.048456, 0.765212]
            ]
          }, {
            "db": 1,
            "id": "MA0492.1",
            "alt": "JUND",
