>TAAGACCCGCCT	8-TAAGACCCGCCT	9.065736	-129.907331	0	T:174.0(5.24%),B:535.0(1.19%),P:1e-56
0.092	0.105	0.139	0.664
0.804	0.047	0.079	0.070
0.655	0.069	0.207	0.069
0.092	0.097	0.765	0.046
0.704	0.105	0.144	0.047
0.023	0.917	0.059	0.001
0.001	0.953	0.001	0.045
0.069	0.742	0.143	0.046
0.001	0.001	0.976	0.022
0.001	0.953	0.045	0.001
0.001	0.953	0.001	0.045
0.046	0.138	0.064	0.752
