>CNGCCAATCGSS	5-CNGCCAATCGSS	5.804305	-296.595217	0	T:789.0(23.78%),B:4255.3(9.44%),P:1e-128
0.123	0.429	0.251	0.197
0.330	0.231	0.214	0.224
0.036	0.001	0.884	0.079
0.001	0.908	0.041	0.050
0.029	0.890	0.041	0.040
0.913	0.007	0.022	0.058
0.879	0.013	0.070	0.038
0.029	0.047	0.013	0.911
0.065	0.783	0.001	0.151
0.087	0.186	0.699	0.028
0.108	0.423	0.341	0.128
0.190	0.355	0.265	0.191
