>ATTGCACAACCC	19-ATTGCACAACCC	9.902301	-36.412509	0	T:31.0(0.93%),B:61.0(0.14%),P:1e-15
0.758	0.066	0.088	0.088
0.044	0.044	0.110	0.802
0.022	0.022	0.066	0.890
0.045	0.088	0.844	0.023
0.022	0.955	0.022	0.001
0.778	0.133	0.044	0.045
0.088	0.868	0.022	0.022
0.934	0.022	0.022	0.022
0.802	0.044	0.088	0.066
0.110	0.736	0.110	0.044
0.088	0.823	0.066	0.023
0.132	0.822	0.001	0.045
