>GTGTGMGTGCTG	24-CAGCACKCACAC	11.108924	-16.712352	0	T:12.0(0.36%),B:20.2(0.04%),P:1e-7
0.065	0.062	0.768	0.105
0.101	0.198	0.091	0.610
0.132	0.091	0.699	0.078
0.091	0.079	0.091	0.739
0.052	0.026	0.883	0.039
0.431	0.297	0.219	0.052
0.065	0.066	0.817	0.052
0.091	0.049	0.039	0.821
0.075	0.052	0.767	0.106
0.209	0.726	0.026	0.039
0.094	0.093	0.052	0.761
0.039	0.052	0.805	0.104
