>ACTACAATTCCC	7-ACTACAATTCCC,BestGuess:GFY(?)/Promoter/Homer(0.986)	9.849142	-143.110560	0	T:172.0(5.18%),B:475.6(1.06%),P:1e-62
0.966	0.032	0.001	0.001
0.021	0.972	0.001	0.006
0.010	0.141	0.010	0.839
0.823	0.107	0.029	0.041
0.021	0.957	0.001	0.021
0.792	0.056	0.121	0.031
0.603	0.168	0.038	0.191
0.124	0.277	0.131	0.467
0.052	0.140	0.029	0.779
0.018	0.956	0.010	0.016
0.010	0.958	0.001	0.031
0.099	0.890	0.001	0.010
