>CGGAAGTGACGT	13-CGGAAGTGACGT	8.927537	-63.582486	0	T:115.0(3.47%),B:459.6(1.02%),P:1e-27
0.140	0.741	0.091	0.028
0.001	0.055	0.943	0.001
0.001	0.028	0.943	0.028
0.762	0.105	0.105	0.028
0.765	0.112	0.074	0.049
0.057	0.001	0.941	0.001
0.001	0.084	0.012	0.903
0.028	0.112	0.804	0.056
0.758	0.157	0.001	0.084
0.028	0.822	0.045	0.105
0.028	0.072	0.799	0.101
0.028	0.148	0.097	0.727
