>CAGCACKCACAC	24-CAGCACKCACAC,BestGuess:PB0130.1_Gm397_2/Jaspar(0.728)	11.108924	-16.712352	0	T:12.0(0.36%),B:20.2(0.04%),P:1e-7
0.104	0.805	0.052	0.039
0.761	0.052	0.093	0.094
0.039	0.026	0.726	0.209
0.106	0.767	0.052	0.075
0.821	0.039	0.049	0.091
0.052	0.817	0.066	0.065
0.052	0.219	0.297	0.431
0.039	0.883	0.026	0.052
0.739	0.091	0.079	0.091
0.078	0.699	0.091	0.132
0.610	0.091	0.198	0.101
0.105	0.768	0.062	0.065
