>VTGAGTCAYN	1-VTGAGTCAYN	6.577498	-760.764102	0	T:553.0(41.15%),B:2508.8(5.30%),P:1e-330	Tpos:104.1,Tstd:54.4,Bpos:102.8,Bstd:66.0,StrandBias:-0.1,Multiplicity:1.12
0.362	0.217	0.304	0.117
0.001	0.001	0.070	0.928
0.001	0.098	0.558	0.343
0.722	0.075	0.001	0.202
0.302	0.001	0.480	0.217
0.001	0.081	0.080	0.838
0.274	0.616	0.109	0.001
0.875	0.021	0.001	0.103
0.102	0.313	0.202	0.383
0.218	0.311	0.207	0.264
>TGACTCATCG	2-TGACTCATCG	6.738325	-745.906205	0	T:483.0(35.94%),B:1770.1(3.74%),P:1e-323	Tpos:103.1,Tstd:51.1,Bpos:100.2,Bstd:66.7,StrandBias:0.0,Multiplicity:1.23
0.005	0.009	0.013	0.973
0.011	0.017	0.940	0.032
0.972	0.010	0.007	0.011
0.016	0.714	0.241	0.029
0.024	0.016	0.014	0.946
0.037	0.938	0.011	0.014
0.982	0.004	0.010	0.004
0.038	0.212	0.191	0.559
0.148	0.530	0.177	0.145
0.145	0.254	0.446	0.155
>MTAACCACAV	3-MTAACCACAV	6.923458	-125.567878	0	T:241.0(17.93%),B:2707.2(5.72%),P:1e-54	Tpos:106.0,Tstd:50.5,Bpos:98.7,Bstd:62.0,StrandBias:0.4,Multiplicity:1.09
0.258	0.376	0.190	0.176
0.298	0.012	0.066	0.624
0.822	0.085	0.092	0.001
0.902	0.047	0.012	0.039
0.038	0.927	0.018	0.017
0.052	0.946	0.001	0.001
0.768	0.001	0.098	0.133
0.069	0.833	0.064	0.034
0.739	0.094	0.081	0.086
0.272	0.221	0.355	0.151
>RTTRCHYMAY	4-RTTRCHYMAY	7.517409	-104.352304	0	T:187.0(13.91%),B:1974.8(4.17%),P:1e-45	Tpos:104.9,Tstd:52.0,Bpos:100.8,Bstd:63.1,StrandBias:0.4,Multiplicity:1.12
0.327	0.201	0.472	0.001
0.001	0.001	0.001	0.997
0.001	0.001	0.001	0.997
0.353	0.001	0.494	0.152
0.001	0.997	0.001	0.001
0.428	0.281	0.001	0.290
0.216	0.398	0.001	0.385
0.458	0.450	0.001	0.090
0.997	0.001	0.001	0.001
0.001	0.316	0.265	0.418
>GGCCCCGCCC	5-GGCCCCGCCC	7.874930	-87.102809	0	T:309.0(22.99%),B:5039.5(10.65%),P:1e-37	Tpos:97.7,Tstd:54.7,Bpos:95.6,Bstd:56.3,StrandBias:-0.4,Multiplicity:1.50
0.158	0.097	0.617	0.128
0.136	0.001	0.807	0.056
0.019	0.747	0.121	0.113
0.050	0.855	0.001	0.094
0.147	0.756	0.028	0.069
0.001	0.792	0.163	0.044
0.130	0.132	0.572	0.166
0.001	0.997	0.001	0.001
0.001	0.980	0.001	0.018
0.001	0.890	0.043	0.066
>YGAGTCABCA	6-YGAGTCABCA	6.606893	-83.890528	0	T:152.0(11.31%),B:1609.7(3.40%),P:1e-36	Tpos:96.2,Tstd:54.0,Bpos:99.2,Bstd:64.2,StrandBias:-0.2,Multiplicity:1.05
0.029	0.352	0.137	0.482
0.334	0.047	0.584	0.035
0.603	0.285	0.051	0.061
0.217	0.053	0.679	0.051
0.077	0.062	0.058	0.803
0.248	0.503	0.223	0.026
0.673	0.053	0.253	0.021
0.137	0.341	0.326	0.196
0.053	0.528	0.356	0.063
0.766	0.070	0.096	0.068
>HAHRCATTCC	7-HAHRCATTCC	6.294416	-74.721014	0	T:160.0(11.90%),B:1911.0(4.04%),P:1e-32	Tpos:105.8,Tstd:54.7,Bpos:101.2,Bstd:62.2,StrandBias:-0.3,Multiplicity:1.06
0.265	0.263	0.110	0.361
0.518	0.146	0.131	0.205
0.315	0.278	0.095	0.311
0.456	0.060	0.415	0.069
0.068	0.782	0.086	0.064
0.831	0.045	0.045	0.079
0.211	0.097	0.127	0.565
0.150	0.138	0.058	0.654
0.081	0.773	0.071	0.075
0.149	0.621	0.036	0.194
>ARTAGGCGGG	8-ARTAGGCGGG	7.559116	-56.430337	0	T:115.0(8.56%),B:1323.1(2.80%),P:1e-24	Tpos:91.9,Tstd:54.0,Bpos:94.4,Bstd:57.3,StrandBias:-0.3,Multiplicity:1.09
0.732	0.028	0.001	0.239
0.489	0.001	0.486	0.023
0.001	0.033	0.299	0.667
0.628	0.001	0.370	0.001
0.001	0.001	0.997	0.001
0.001	0.001	0.997	0.001
0.001	0.997	0.001	0.001
0.001	0.001	0.997	0.001
0.001	0.001	0.997	0.001
0.001	0.001	0.997	0.001
>ATATAAACAC	9-ATATAAACAC	7.176292	-43.985084	0	T:109.0(8.11%),B:1427.7(3.02%),P:1e-19	Tpos:106.5,Tstd:56.4,Bpos:100.6,Bstd:66.4,StrandBias:0.2,Multiplicity:1.09
0.780	0.052	0.087	0.081
0.100	0.090	0.096	0.714
0.772	0.068	0.091	0.069
0.051	0.095	0.042	0.812
0.851	0.044	0.057	0.048
0.783	0.097	0.055	0.065
0.877	0.024	0.047	0.052
0.034	0.864	0.061	0.041
0.895	0.008	0.022	0.075
0.113	0.658	0.158	0.071
>KRAATTMCWV	10-KRAATTMCWV	6.518434	-40.385650	0	T:103.0(7.66%),B:1373.1(2.90%),P:1e-17	Tpos:103.9,Tstd:46.8,Bpos:98.0,Bstd:60.4,StrandBias:-0.5,Multiplicity:1.02
0.197	0.023	0.463	0.317
0.275	0.161	0.422	0.143
0.528	0.311	0.048	0.113
0.809	0.058	0.062	0.071
0.076	0.066	0.067	0.791
0.067	0.061	0.261	0.611
0.432	0.506	0.030	0.032
0.195	0.711	0.041	0.053
0.426	0.055	0.153	0.367
0.249	0.314	0.318	0.119
>TGTTAGTCAG	11-TGTTAGTCAG	8.737852	-35.374341	0	T:46.0(3.42%),B:371.3(0.78%),P:1e-15	Tpos:94.4,Tstd:55.2,Bpos:108.1,Bstd:64.3,StrandBias:0.2,Multiplicity:1.03
0.152	0.001	0.256	0.591
0.162	0.117	0.502	0.219
0.001	0.204	0.001	0.794
0.001	0.001	0.001	0.997
0.807	0.001	0.191	0.001
0.001	0.213	0.785	0.001
0.001	0.001	0.001	0.997
0.001	0.788	0.210	0.001
0.832	0.001	0.166	0.001
0.046	0.001	0.952	0.001
>CCRGCCAATC	12-CCRGCCAATC	7.871238	-32.649159	0	T:72.0(5.36%),B:880.0(1.86%),P:1e-14	Tpos:103.9,Tstd:53.7,Bpos:99.9,Bstd:59.6,StrandBias:0.1,Multiplicity:1.08
0.160	0.714	0.125	0.001
0.011	0.969	0.019	0.001
0.434	0.274	0.292	0.001
0.096	0.190	0.501	0.213
0.044	0.860	0.044	0.052
0.033	0.828	0.001	0.138
0.858	0.036	0.001	0.105
0.987	0.001	0.011	0.001
0.002	0.013	0.001	0.984
0.028	0.876	0.071	0.025
>ACTATGTTTA	13-ACTATGTTTA	9.149879	-30.487936	0	T:27.0(2.01%),B:145.8(0.31%),P:1e-13	Tpos:88.5,Tstd:47.7,Bpos:105.9,Bstd:58.2,StrandBias:1.2,Multiplicity:1.04
0.825	0.079	0.046	0.050
0.129	0.808	0.062	0.001
0.001	0.037	0.001	0.961
0.997	0.001	0.001	0.001
0.001	0.001	0.001	0.997
0.001	0.001	0.920	0.078
0.098	0.098	0.001	0.803
0.001	0.001	0.161	0.837
0.202	0.001	0.037	0.760
0.841	0.030	0.006	0.123
>TGACGTCAWY	14-TGACGTCAWY	8.643024	-27.999533	0	T:64.0(4.76%),B:804.4(1.70%),P:1e-12	Tpos:86.3,Tstd:55.9,Bpos:89.3,Bstd:59.7,StrandBias:0.1,Multiplicity:1.02
0.001	0.001	0.001	0.997
0.001	0.001	0.997	0.001
0.848	0.001	0.150	0.001
0.152	0.601	0.246	0.001
0.092	0.227	0.680	0.001
0.001	0.001	0.001	0.997
0.001	0.997	0.001	0.001
0.887	0.001	0.111	0.001
0.398	0.197	0.076	0.329
0.147	0.400	0.108	0.345
>GGTTTGTTTA	15-GGTTTGTTTA	8.601136	-26.254626	0	T:33.0(2.46%),B:262.3(0.55%),P:1e-11	Tpos:92.3,Tstd:59.7,Bpos:102.3,Bstd:57.2,StrandBias:-0.2,Multiplicity:1.00
0.001	0.067	0.891	0.041
0.037	0.041	0.885	0.037
0.001	0.049	0.075	0.875
0.001	0.157	0.001	0.841
0.001	0.001	0.001	0.997
0.047	0.062	0.816	0.075
0.001	0.067	0.001	0.931
0.001	0.083	0.001	0.915
0.001	0.046	0.001	0.952
0.955	0.001	0.043	0.001
>GTTARCGWGC	16-GTTARCGWGC	6.718267	-18.739142	0	T:25.0(1.86%),B:215.1(0.45%),P:1e-8	Tpos:113.3,Tstd:48.0,Bpos:95.1,Bstd:66.2,StrandBias:-0.9,Multiplicity:1.08
0.044	0.144	0.767	0.045
0.047	0.209	0.215	0.529
0.018	0.301	0.018	0.663
0.487	0.178	0.066	0.269
0.392	0.025	0.533	0.050
0.224	0.413	0.171	0.192
0.166	0.058	0.713	0.063
0.315	0.025	0.202	0.458
0.029	0.273	0.644	0.054
0.262	0.484	0.020	0.234
>AGCACCCACA	17-AGCACCCACA	11.487425	-17.445964	0	T:15.0(1.12%),B:82.5(0.17%),P:1e-7	Tpos:91.4,Tstd:50.3,Bpos:91.5,Bstd:60.4,StrandBias:2.5,Multiplicity:1.86
0.997	0.001	0.001	0.001
0.001	0.001	0.997	0.001
0.001	0.997	0.001	0.001
0.997	0.001	0.001	0.001
0.133	0.865	0.001	0.001
0.001	0.997	0.001	0.001
0.001	0.716	0.282	0.001
0.997	0.001	0.001	0.001
0.001	0.997	0.001	0.001
0.997	0.001	0.001	0.001
>AAGAATGCAG	18-AAGAATGCAG	12.326309	-16.542449	0	T:9.0(0.67%),B:25.1(0.05%),P:1e-7	Tpos:126.1,Tstd:58.4,Bpos:104.8,Bstd:58.9,StrandBias:0.3,Multiplicity:1.00
0.997	0.001	0.001	0.001
0.997	0.001	0.001	0.001
0.001	0.001	0.997	0.001
0.997	0.001	0.001	0.001
0.997	0.001	0.001	0.001
0.001	0.001	0.001	0.997
0.001	0.001	0.997	0.001
0.001	0.997	0.001	0.001
0.777	0.001	0.221	0.001
0.001	0.001	0.997	0.001
>GTGGGGTGTA	19-GTGGGGTGTA	12.241353	-8.323926	0	T:5.0(0.37%),B:19.8(0.04%),P:1e-3	Tpos:91.1,Tstd:52.3,Bpos:119.5,Bstd:42.8,StrandBias:-1.0,Multiplicity:1.80
0.001	0.001	0.997	0.001
0.001	0.001	0.001	0.997
0.001	0.001	0.997	0.001
0.001	0.203	0.795	0.001
0.001	0.001	0.997	0.001
0.001	0.001	0.997	0.001
0.001	0.001	0.001	0.997
0.001	0.001	0.997	0.001
0.001	0.001	0.001	0.997
0.997	0.001	0.001	0.001
>GAGCATCTGA	20-GAGCATCTGA	12.081438	-7.932471	0	T:6.0(0.45%),B:32.3(0.07%),P:1e-3	Tpos:103.4,Tstd:54.6,Bpos:123.3,Bstd:61.5,StrandBias:4.5,Multiplicity:3.83
0.001	0.001	0.997	0.001
0.997	0.001	0.001	0.001
0.001	0.001	0.997	0.001
0.001	0.997	0.001	0.001
0.997	0.001	0.001	0.001
0.001	0.001	0.001	0.997
0.001	0.997	0.001	0.001
0.001	0.173	0.067	0.759
0.001	0.001	0.997	0.001
0.997	0.001	0.001	0.001
>ATCGATACGG	21-ATCGATACGG	12.100822	-7.835174	0	T:2.0(0.15%),B:0.4(0.00%),P:1e-3	Tpos:125.5,Tstd:68.5,Bpos:75.0,Bstd:0.0,StrandBias:10.0,Multiplicity:1.00
0.997	0.001	0.001	0.001
0.001	0.219	0.001	0.779
0.001	0.997	0.001	0.001
0.001	0.001	0.997	0.001
0.997	0.001	0.001	0.001
0.001	0.195	0.001	0.803
0.997	0.001	0.001	0.001
0.001	0.997	0.001	0.001
0.001	0.001	0.997	0.001
0.001	0.001	0.997	0.001
>CTTCTTCGAT	22-CTTCTTCGAT	10.296193	-6.467721	0	T:2.0(0.15%),B:2.1(0.00%),P:1e-2	Tpos:86.0,Tstd:48.8,Bpos:165.7,Bstd:18.3,StrandBias:1.6,Multiplicity:2.00
0.100	0.700	0.100	0.100
0.100	0.100	0.100	0.700
0.100	0.100	0.100	0.700
0.100	0.700	0.100	0.100
0.100	0.100	0.100	0.700
0.100	0.100	0.100	0.700
0.100	0.700	0.100	0.100
0.100	0.100	0.700	0.100
0.700	0.100	0.100	0.100
0.100	0.100	0.100	0.700
>TCACTATTCC	23-TCACTATTCC	10.296193	-6.075995	0	T:3.0(0.22%),B:9.3(0.02%),P:1e-2	Tpos:101.4,Tstd:60.7,Bpos:114.8,Bstd:43.1,StrandBias:1.3,Multiplicity:2.33
0.100	0.100	0.100	0.700
0.100	0.700	0.100	0.100
0.700	0.100	0.100	0.100
0.100	0.700	0.100	0.100
0.100	0.100	0.100	0.700
0.700	0.100	0.100	0.100
0.100	0.100	0.100	0.700
0.100	0.100	0.100	0.700
0.100	0.700	0.100	0.100
0.100	0.700	0.100	0.100
>GACCTGTAGT	24-GACCTGTAGT	11.780177	-4.334881	0	T:3.0(0.22%),B:17.5(0.04%),P:1e-1	Tpos:92.5,Tstd:58.7,Bpos:95.6,Bstd:67.1,StrandBias:2.8,Multiplicity:2.67
0.001	0.001	0.997	0.001
0.997	0.001	0.001	0.001
0.001	0.997	0.001	0.001
0.001	0.997	0.001	0.001
0.001	0.001	0.001	0.997
0.001	0.001	0.997	0.001
0.001	0.001	0.001	0.997
0.870	0.001	0.001	0.128
0.001	0.001	0.997	0.001
0.001	0.001	0.001	0.997
>TGAACCTTAC	25-TGAACCTTAC	11.927532	-4.055729	0	T:2.0(0.15%),B:7.1(0.01%),P:1e-1	Tpos:108.3,Tstd:52.8,Bpos:62.3,Bstd:40.7,StrandBias:2.3,Multiplicity:3.00
0.001	0.001	0.001	0.997
0.181	0.001	0.817	0.001
0.997	0.001	0.001	0.001
0.997	0.001	0.001	0.001
0.001	0.997	0.001	0.001
0.001	0.997	0.001	0.001
0.001	0.001	0.181	0.817
0.001	0.001	0.001	0.997
0.997	0.001	0.001	0.001
0.001	0.997	0.001	0.001
