>VTGASTCABNNN	1-VTGASTCABNNN	7.134327	-818.809794	0	T:493.0(36.68%),B:1602.6(3.39%),P:1e-355	Tpos:102.8,Tstd:50.6,Bpos:98.5,Bstd:66.0,StrandBias:-0.0,Multiplicity:1.20
0.349	0.291	0.284	0.076
0.001	0.001	0.001	0.997
0.025	0.078	0.734	0.163
0.964	0.034	0.001	0.001
0.086	0.403	0.383	0.129
0.132	0.001	0.001	0.866
0.183	0.671	0.126	0.020
0.990	0.008	0.001	0.001
0.090	0.288	0.259	0.362
0.255	0.275	0.227	0.243
0.248	0.298	0.236	0.217
0.242	0.277	0.256	0.225
>NTGAGTCAGCNB	2-NTGAGTCAGCNB	6.063574	-344.970583	0	T:603.0(44.87%),B:7075.9(14.95%),P:1e-149	Tpos:101.9,Tstd:53.6,Bpos:103.4,Bstd:63.8,StrandBias:-0.4,Multiplicity:1.16
0.196	0.199	0.324	0.281
0.098	0.070	0.161	0.671
0.082	0.085	0.528	0.305
0.791	0.059	0.080	0.070
0.106	0.193	0.654	0.047
0.023	0.109	0.001	0.867
0.058	0.940	0.001	0.001
0.987	0.001	0.011	0.001
0.070	0.059	0.625	0.246
0.199	0.642	0.100	0.059
0.258	0.212	0.246	0.283
0.047	0.360	0.353	0.239
>AMWAACCACAKS	3-AMWAACCACAKS	5.271073	-109.782324	0	T:226.0(16.82%),B:2658.9(5.62%),P:1e-47	Tpos:104.3,Tstd:51.8,Bpos:99.2,Bstd:61.3,StrandBias:0.4,Multiplicity:1.09
0.517	0.198	0.056	0.229
0.257	0.405	0.113	0.226
0.408	0.193	0.001	0.398
0.830	0.001	0.113	0.056
0.997	0.001	0.001	0.001
0.001	0.997	0.001	0.001
0.001	0.997	0.001	0.001
0.942	0.001	0.056	0.001
0.001	0.997	0.001	0.001
0.997	0.001	0.001	0.001
0.174	0.116	0.427	0.283
0.177	0.422	0.285	0.116
>WGGCCCCGCCCC	4-WGGCCCCGCCCC	9.378687	-91.804369	0	T:166.0(12.35%),B:1758.3(3.72%),P:1e-39	Tpos:89.2,Tstd:55.2,Bpos:92.7,Bstd:57.1,StrandBias:-0.1,Multiplicity:1.47
0.330	0.134	0.080	0.456
0.297	0.057	0.645	0.001
0.108	0.001	0.852	0.039
0.001	0.773	0.175	0.051
0.001	0.917	0.001	0.081
0.153	0.796	0.001	0.050
0.051	0.920	0.028	0.001
0.203	0.001	0.722	0.074
0.001	0.997	0.001	0.001
0.001	0.997	0.001	0.001
0.001	0.716	0.001	0.282
0.233	0.568	0.001	0.198
>KRCATTCCWGWG	5-KRCATTCCWGWG	8.626059	-88.746343	0	T:136.0(10.12%),B:1255.2(2.65%),P:1e-38	Tpos:100.0,Tstd:50.9,Bpos:97.1,Bstd:61.1,StrandBias:-0.5,Multiplicity:1.02
0.198	0.199	0.352	0.251
0.432	0.001	0.474	0.093
0.331	0.592	0.076	0.001
0.793	0.001	0.001	0.205
0.001	0.001	0.001	0.997
0.001	0.001	0.225	0.773
0.001	0.997	0.001	0.001
0.001	0.997	0.001	0.001
0.451	0.001	0.001	0.547
0.064	0.214	0.638	0.084
0.509	0.001	0.072	0.418
0.001	0.274	0.724	0.001
>CRTTGCTCAATA	6-CRTTGCTCAATA	7.909404	-73.844476	0	T:92.0(6.85%),B:699.5(1.48%),P:1e-32	Tpos:96.4,Tstd:52.5,Bpos:101.7,Bstd:62.4,StrandBias:0.5,Multiplicity:1.06
0.291	0.499	0.001	0.209
0.462	0.123	0.414	0.001
0.001	0.001	0.001	0.997
0.001	0.001	0.001	0.997
0.331	0.001	0.583	0.085
0.001	0.917	0.081	0.001
0.416	0.001	0.001	0.582
0.167	0.585	0.001	0.247
0.832	0.166	0.001	0.001
0.793	0.082	0.124	0.001
0.083	0.166	0.167	0.584
0.457	0.251	0.125	0.166
>AGGGGCGGGCCT	7-AGGGGCGGGCCT	9.199879	-61.223259	0	T:126.0(9.38%),B:1460.6(3.09%),P:1e-26	Tpos:97.4,Tstd:50.8,Bpos:97.8,Bstd:56.7,StrandBias:-0.1,Multiplicity:1.07
0.516	0.075	0.341	0.068
0.113	0.001	0.793	0.093
0.101	0.001	0.883	0.015
0.040	0.001	0.958	0.001
0.008	0.046	0.945	0.001
0.131	0.830	0.001	0.038
0.194	0.012	0.717	0.077
0.049	0.015	0.921	0.015
0.001	0.001	0.864	0.134
0.124	0.592	0.246	0.038
0.015	0.693	0.095	0.197
0.217	0.011	0.102	0.670
>TGACTCATGCCT	8-TGACTCATGCCT	10.028389	-53.168466	0	T:48.0(3.57%),B:256.4(0.54%),P:1e-23	Tpos:84.1,Tstd:54.1,Bpos:103.2,Bstd:58.9,StrandBias:-1.3,Multiplicity:1.00
0.127	0.001	0.108	0.764
0.063	0.001	0.935	0.001
0.763	0.001	0.108	0.128
0.102	0.896	0.001	0.001
0.063	0.001	0.001	0.935
0.063	0.873	0.063	0.001
0.756	0.116	0.001	0.127
0.044	0.064	0.096	0.796
0.063	0.001	0.873	0.063
0.127	0.745	0.127	0.001
0.127	0.764	0.001	0.108
0.001	0.001	0.001	0.997
>TGACTCMTCCCA	9-TGACTCMTCCCA	8.420858	-48.580195	0	T:145.0(10.79%),B:2115.9(4.47%),P:1e-21	Tpos:96.8,Tstd:55.8,Bpos:99.1,Bstd:57.4,StrandBias:0.4,Multiplicity:1.04
0.240	0.036	0.187	0.537
0.001	0.017	0.896	0.086
0.429	0.232	0.243	0.096
0.101	0.766	0.115	0.018
0.168	0.083	0.151	0.598
0.001	0.933	0.065	0.001
0.504	0.470	0.001	0.025
0.129	0.054	0.065	0.752
0.036	0.784	0.074	0.106
0.001	0.997	0.001	0.001
0.001	0.952	0.001	0.046
0.612	0.092	0.046	0.250
>GGATGACTCACA	10-GGATGACTCACA	10.496640	-35.113661	0	T:24.0(1.79%),B:89.6(0.19%),P:1e-15	Tpos:95.8,Tstd:48.7,Bpos:99.5,Bstd:59.0,StrandBias:0.8,Multiplicity:1.00
0.001	0.200	0.699	0.100
0.099	0.001	0.899	0.001
0.997	0.001	0.001	0.001
0.099	0.001	0.001	0.899
0.001	0.100	0.699	0.200
0.799	0.199	0.001	0.001
0.001	0.997	0.001	0.001
0.100	0.200	0.200	0.500
0.100	0.699	0.200	0.001
0.899	0.001	0.099	0.001
0.001	0.997	0.001	0.001
0.997	0.001	0.001	0.001
>ATBAGTCACTCT	11-ATBAGTCACTCT	10.651236	-31.520395	0	T:22.0(1.64%),B:85.4(0.18%),P:1e-13	Tpos:112.8,Tstd:54.8,Bpos:84.6,Bstd:64.6,StrandBias:1.0,Multiplicity:1.07
0.887	0.107	0.001	0.005
0.108	0.231	0.219	0.442
0.113	0.219	0.334	0.334
0.778	0.001	0.001	0.220
0.001	0.001	0.891	0.107
0.001	0.001	0.001	0.997
0.001	0.997	0.001	0.001
0.886	0.001	0.001	0.112
0.001	0.891	0.001	0.107
0.107	0.001	0.107	0.785
0.001	0.997	0.001	0.001
0.001	0.001	0.001	0.997
>AGCCAATCCCAG	12-AGCCAATCCCAG	9.693503	-31.183814	0	T:42.0(3.12%),B:352.6(0.75%),P:1e-13	Tpos:103.4,Tstd:53.5,Bpos:93.3,Bstd:61.7,StrandBias:-0.3,Multiplicity:1.05
0.715	0.107	0.128	0.050
0.098	0.090	0.759	0.053
0.100	0.829	0.001	0.070
0.103	0.762	0.028	0.107
0.911	0.064	0.024	0.001
0.796	0.083	0.064	0.057
0.040	0.059	0.018	0.883
0.001	0.901	0.001	0.097
0.095	0.903	0.001	0.001
0.072	0.881	0.012	0.035
0.825	0.081	0.035	0.059
0.056	0.001	0.838	0.105
>GCCAATCAGCGC	13-GCCAATCAGCGC	9.741747	-29.807527	0	T:35.0(2.60%),B:258.0(0.55%),P:1e-12	Tpos:94.3,Tstd:48.2,Bpos:91.7,Bstd:60.5,StrandBias:-0.3,Multiplicity:1.00
0.035	0.108	0.728	0.129
0.034	0.964	0.001	0.001
0.028	0.936	0.001	0.035
0.911	0.018	0.035	0.036
0.791	0.057	0.082	0.070
0.001	0.117	0.056	0.826
0.001	0.893	0.071	0.035
0.928	0.070	0.001	0.001
0.035	0.098	0.832	0.035
0.192	0.709	0.075	0.024
0.094	0.035	0.762	0.109
0.087	0.729	0.148	0.036
>CCGGCCTCTCCC	14-CCGGCCTCTCCC	9.126521	-26.737940	0	T:117.0(8.71%),B:2054.8(4.34%),P:1e-11	Tpos:103.5,Tstd:53.5,Bpos:101.6,Bstd:55.3,StrandBias:-0.1,Multiplicity:1.12
0.019	0.843	0.083	0.055
0.087	0.751	0.053	0.109
0.095	0.080	0.746	0.079
0.075	0.110	0.773	0.042
0.032	0.873	0.051	0.044
0.037	0.873	0.058	0.032
0.066	0.056	0.048	0.830
0.032	0.863	0.036	0.069
0.053	0.076	0.021	0.850
0.054	0.849	0.045	0.052
0.010	0.855	0.017	0.118
0.010	0.899	0.032	0.059
>ATTGCACAACCC	15-ATTGCACAACCC	7.447119	-25.959865	0	T:27.0(2.01%),B:177.7(0.38%),P:1e-11	Tpos:103.8,Tstd:61.2,Bpos:95.7,Bstd:63.5,StrandBias:1.7,Multiplicity:1.20
0.418	0.189	0.199	0.195
0.168	0.227	0.169	0.437
0.163	0.144	0.177	0.516
0.165	0.241	0.442	0.152
0.021	0.947	0.014	0.018
0.530	0.244	0.070	0.156
0.204	0.512	0.153	0.131
0.640	0.231	0.115	0.014
0.501	0.023	0.293	0.183
0.109	0.496	0.283	0.113
0.226	0.646	0.105	0.023
0.257	0.577	0.008	0.158
>GTGAGCATCTGA	16-GTGAGCATCTGA	13.129156	-23.847187	0	T:6.0(0.45%),B:2.2(0.00%),P:1e-10	Tpos:112.6,Tstd:55.5,Bpos:145.9,Bstd:8.0,StrandBias:4.3,Multiplicity:3.50
0.001	0.001	0.997	0.001
0.001	0.131	0.001	0.867
0.001	0.001	0.997	0.001
0.997	0.001	0.001	0.001
0.001	0.001	0.997	0.001
0.001	0.997	0.001	0.001
0.997	0.001	0.001	0.001
0.001	0.001	0.001	0.997
0.001	0.961	0.037	0.001
0.001	0.001	0.037	0.961
0.001	0.001	0.997	0.001
0.997	0.001	0.001	0.001
>CAGCACCCACAC	17-CAGCACCCACAC	13.307015	-22.680077	0	T:8.0(0.60%),B:8.1(0.02%),P:1e-9	Tpos:89.5,Tstd:48.7,Bpos:81.1,Bstd:74.9,StrandBias:3.2,Multiplicity:2.50
0.001	0.997	0.001	0.001
0.949	0.001	0.049	0.001
0.001	0.001	0.997	0.001
0.001	0.997	0.001	0.001
0.997	0.001	0.001	0.001
0.001	0.997	0.001	0.001
0.001	0.949	0.049	0.001
0.001	0.792	0.206	0.001
0.997	0.001	0.001	0.001
0.001	0.997	0.001	0.001
0.997	0.001	0.001	0.001
0.001	0.997	0.001	0.001
>CAGGCCGTGAGG	18-CAGGCCGTGAGG	14.263086	-18.422032	0	T:6.0(0.45%),B:5.8(0.01%),P:1e-8	Tpos:74.9,Tstd:49.2,Bpos:74.1,Bstd:22.0,StrandBias:-1.6,Multiplicity:1.33
0.001	0.997	0.001	0.001
0.997	0.001	0.001	0.001
0.001	0.001	0.997	0.001
0.001	0.001	0.997	0.001
0.001	0.997	0.001	0.001
0.001	0.997	0.001	0.001
0.001	0.001	0.997	0.001
0.001	0.001	0.001	0.997
0.001	0.126	0.872	0.001
0.872	0.126	0.001	0.001
0.126	0.001	0.872	0.001
0.001	0.001	0.997	0.001
>GAGCAGCACCCA	19-GAGCAGCACCCA	12.355432	-15.763666	0	T:5.0(0.37%),B:4.5(0.01%),P:1e-6	Tpos:105.2,Tstd:71.2,Bpos:87.6,Bstd:63.1,StrandBias:10.0,Multiplicity:2.00
0.100	0.100	0.700	0.100
0.700	0.100	0.100	0.100
0.100	0.100	0.700	0.100
0.100	0.700	0.100	0.100
0.700	0.100	0.100	0.100
0.100	0.100	0.700	0.100
0.100	0.700	0.100	0.100
0.700	0.100	0.100	0.100
0.100	0.700	0.100	0.100
0.100	0.700	0.100	0.100
0.100	0.700	0.100	0.100
0.700	0.100	0.100	0.100
>GTGGAGBCAGGG	20-GTGGAGBCAGGG	10.448453	-14.069971	0	T:44.0(3.27%),B:679.8(1.44%),P:1e-6	Tpos:101.8,Tstd:57.9,Bpos:100.8,Bstd:57.0,StrandBias:0.6,Multiplicity:1.03
0.037	0.169	0.760	0.034
0.114	0.029	0.105	0.752
0.001	0.001	0.997	0.001
0.057	0.111	0.831	0.001
0.870	0.071	0.058	0.001
0.001	0.001	0.997	0.001
0.167	0.192	0.306	0.334
0.001	0.977	0.021	0.001
0.608	0.072	0.221	0.099
0.071	0.001	0.927	0.001
0.095	0.050	0.854	0.001
0.094	0.003	0.902	0.001
>GACCTGTAATGC	21-GACCTGTAATGC	13.355197	-10.440599	0	T:3.0(0.22%),B:2.4(0.01%),P:1e-4	Tpos:94.0,Tstd:58.3,Bpos:78.1,Bstd:73.6,StrandBias:10.0,Multiplicity:2.67
0.001	0.001	0.997	0.001
0.997	0.001	0.001	0.001
0.001	0.997	0.001	0.001
0.001	0.997	0.001	0.001
0.001	0.001	0.001	0.997
0.001	0.001	0.997	0.001
0.001	0.001	0.001	0.997
0.997	0.001	0.001	0.001
0.779	0.001	0.219	0.001
0.001	0.001	0.001	0.997
0.001	0.177	0.821	0.001
0.001	0.997	0.001	0.001
>CAGTAATCAGTA	22-CAGTAATCAGTA	9.447987	-8.403489	0	T:3.0(0.22%),B:4.4(0.01%),P:1e-3	Tpos:121.6,Tstd:62.3,Bpos:89.9,Bstd:50.1,StrandBias:2.0,Multiplicity:3.33
0.001	0.997	0.001	0.001
0.997	0.001	0.001	0.001
0.001	0.001	0.997	0.001
0.001	0.001	0.001	0.997
0.808	0.001	0.190	0.001
0.997	0.001	0.001	0.001
0.001	0.001	0.001	0.997
0.001	0.997	0.001	0.001
0.997	0.001	0.001	0.001
0.001	0.001	0.997	0.001
0.001	0.001	0.219	0.779
0.997	0.001	0.001	0.001
>GATGGCGCTGGG	23-GATGGCGCTGGG	12.355432	-7.835174	0	T:2.0(0.15%),B:0.5(0.00%),P:1e-3	Tpos:127.0,Tstd:49.5,Bpos:37.0,Bstd:0.0,StrandBias:2.3,Multiplicity:3.00
0.100	0.100	0.700	0.100
0.700	0.100	0.100	0.100
0.100	0.100	0.100	0.700
0.100	0.100	0.700	0.100
0.100	0.100	0.700	0.100
0.100	0.700	0.100	0.100
0.100	0.100	0.700	0.100
0.100	0.700	0.100	0.100
0.100	0.100	0.100	0.700
0.100	0.100	0.700	0.100
0.100	0.100	0.700	0.100
0.100	0.100	0.700	0.100
>CCTACACCCCAC	24-CCTACACCCCAC	12.355432	-7.835174	0	T:2.0(0.15%),B:1.7(0.00%),P:1e-3	Tpos:111.4,Tstd:61.2,Bpos:147.0,Bstd:0.0,StrandBias:10.0,Multiplicity:2.50
0.100	0.700	0.100	0.100
0.100	0.700	0.100	0.100
0.100	0.100	0.100	0.700
0.700	0.100	0.100	0.100
0.100	0.700	0.100	0.100
0.700	0.100	0.100	0.100
0.100	0.700	0.100	0.100
0.100	0.700	0.100	0.100
0.100	0.700	0.100	0.100
0.100	0.700	0.100	0.100
0.700	0.100	0.100	0.100
0.100	0.700	0.100	0.100
>CGCTCACTATTC	25-CGCTCACTATTC	14.659225	-5.675588	0	T:2.0(0.15%),B:3.9(0.01%),P:1e-2	Tpos:84.7,Tstd:52.1,Bpos:70.8,Bstd:26.7,StrandBias:2.3,Multiplicity:3.00
0.001	0.997	0.001	0.001
0.161	0.161	0.677	0.001
0.001	0.997	0.001	0.001
0.001	0.001	0.001	0.997
0.001	0.997	0.001	0.001
0.997	0.001	0.001	0.001
0.001	0.997	0.001	0.001
0.001	0.001	0.001	0.997
0.887	0.001	0.111	0.001
0.001	0.001	0.001	0.997
0.001	0.001	0.001	0.997
0.001	0.997	0.001	0.001
