>TGACTCAT	1-TGACTCAT	5.886118	-759.912656	0	T:534.0(39.73%),B:2281.1(4.82%),P:1e-330	Tpos:103.2,Tstd:52.2,Bpos:100.6,Bstd:67.3,StrandBias:-0.0,Multiplicity:1.25
0.001	0.001	0.001	0.997
0.001	0.001	0.985	0.013
0.997	0.001	0.001	0.001
0.021	0.723	0.226	0.030
0.012	0.001	0.004	0.983
0.037	0.961	0.001	0.001
0.997	0.001	0.001	0.001
0.032	0.214	0.191	0.563
>TTACTCAC	2-TTACTCAC	4.939126	-670.188761	0	T:535.0(39.81%),B:2754.7(5.82%),P:1e-291	Tpos:102.6,Tstd:55.6,Bpos:101.3,Bstd:65.6,StrandBias:0.1,Multiplicity:1.07
0.001	0.001	0.001	0.997
0.001	0.001	0.350	0.648
0.997	0.001	0.001	0.001
0.001	0.677	0.321	0.001
0.001	0.001	0.001	0.997
0.350	0.648	0.001	0.001
0.997	0.001	0.001	0.001
0.001	0.630	0.353	0.016
>TGTGGTTW	3-TGTGGTTW	3.856687	-108.545246	0	T:202.0(15.03%),B:2200.4(4.65%),P:1e-47	Tpos:105.8,Tstd:51.3,Bpos:99.9,Bstd:63.0,StrandBias:-0.3,Multiplicity:1.07
0.001	0.001	0.001	0.997
0.001	0.001	0.997	0.001
0.001	0.001	0.001	0.997
0.001	0.001	0.997	0.001
0.001	0.001	0.997	0.001
0.001	0.001	0.001	0.997
0.001	0.263	0.001	0.735
0.470	0.001	0.001	0.528
>TGGAATTY	4-TGGAATTY	7.580531	-85.867924	0	T:210.0(15.62%),B:2753.9(5.82%),P:1e-37	Tpos:106.3,Tstd:50.7,Bpos:100.6,Bstd:61.3,StrandBias:0.4,Multiplicity:1.06
0.274	0.034	0.001	0.691
0.023	0.001	0.975	0.001
0.001	0.001	0.997	0.001
0.726	0.001	0.001	0.272
0.997	0.001	0.001	0.001
0.001	0.001	0.001	0.997
0.001	0.001	0.331	0.667
0.001	0.528	0.001	0.470
>TTGCAYMA	5-TTGCAYMA	7.021581	-68.530257	0	T:134.0(9.97%),B:1498.3(3.17%),P:1e-29	Tpos:114.5,Tstd:52.4,Bpos:98.1,Bstd:61.6,StrandBias:0.1,Multiplicity:1.08
0.001	0.001	0.001	0.997
0.001	0.011	0.001	0.987
0.112	0.001	0.886	0.001
0.001	0.997	0.001	0.001
0.791	0.001	0.207	0.001
0.184	0.397	0.001	0.418
0.518	0.465	0.001	0.016
0.997	0.001	0.001	0.001
>TATAAACA	6-TATAAACA	6.249932	-60.983219	0	T:171.0(12.72%),B:2415.4(5.10%),P:1e-26	Tpos:100.7,Tstd:54.0,Bpos:101.2,Bstd:63.8,StrandBias:0.4,Multiplicity:1.12
0.177	0.038	0.162	0.623
0.746	0.055	0.198	0.001
0.001	0.038	0.001	0.960
0.962	0.036	0.001	0.001
0.907	0.054	0.001	0.038
0.990	0.001	0.008	0.001
0.001	0.982	0.001	0.016
0.997	0.001	0.001	0.001
>SCCCCCCC	7-SCCCCCCC	6.831840	-49.292427	0	T:237.0(17.63%),B:4350.1(9.19%),P:1e-21	Tpos:94.9,Tstd:55.4,Bpos:94.4,Bstd:54.9,StrandBias:-0.2,Multiplicity:1.49
0.036	0.512	0.370	0.082
0.068	0.776	0.101	0.055
0.037	0.796	0.092	0.075
0.110	0.602	0.222	0.066
0.064	0.575	0.309	0.052
0.047	0.648	0.277	0.028
0.034	0.789	0.130	0.047
0.077	0.818	0.028	0.077
>CTMCGCCC	8-CTMCGCCC	7.335649	-47.721753	0	T:323.0(24.03%),B:6758.8(14.28%),P:1e-20	Tpos:106.9,Tstd:54.4,Bpos:97.2,Bstd:57.9,StrandBias:-0.0,Multiplicity:1.24
0.001	0.784	0.001	0.214
0.154	0.312	0.001	0.533
0.470	0.528	0.001	0.001
0.001	0.997	0.001	0.001
0.062	0.265	0.672	0.001
0.001	0.997	0.001	0.001
0.001	0.997	0.001	0.001
0.001	0.997	0.001	0.001
>CCAATCGG	9-CCAATCGG	6.644218	-42.421243	0	T:113.0(8.41%),B:1545.8(3.27%),P:1e-18	Tpos:107.1,Tstd:52.9,Bpos:91.7,Bstd:61.3,StrandBias:0.4,Multiplicity:1.19
0.001	0.997	0.001	0.001
0.001	0.981	0.001	0.017
0.997	0.001	0.001	0.001
0.935	0.001	0.030	0.034
0.001	0.001	0.001	0.997
0.079	0.605	0.315	0.001
0.302	0.070	0.627	0.001
0.001	0.063	0.935	0.001
>TTAACCRC	10-TTAACCRC	6.109052	-37.821193	0	T:156.0(11.61%),B:2667.7(5.64%),P:1e-16	Tpos:94.6,Tstd:55.6,Bpos:100.2,Bstd:61.8,StrandBias:-0.7,Multiplicity:1.09
0.107	0.035	0.237	0.621
0.103	0.001	0.081	0.815
0.997	0.001	0.001	0.001
0.997	0.001	0.001	0.001
0.001	0.540	0.363	0.096
0.090	0.793	0.001	0.116
0.436	0.001	0.417	0.146
0.285	0.644	0.001	0.070
>CACAGCTG	11-CACAGCTG	8.582182	-35.986597	0	T:207.0(15.40%),B:4049.3(8.56%),P:1e-15	Tpos:92.7,Tstd:54.4,Bpos:101.6,Bstd:66.8,StrandBias:0.2,Multiplicity:1.07
0.257	0.458	0.001	0.283
0.600	0.218	0.001	0.181
0.001	0.997	0.001	0.001
0.997	0.001	0.001	0.001
0.001	0.001	0.997	0.001
0.001	0.997	0.001	0.001
0.001	0.001	0.001	0.997
0.001	0.001	0.997	0.001
>TTCCTGWK	12-TTCCTGWK	7.853682	-35.087121	0	T:141.0(10.49%),B:2382.0(5.03%),P:1e-15	Tpos:104.3,Tstd:58.8,Bpos:98.8,Bstd:63.4,StrandBias:-0.1,Multiplicity:1.09
0.180	0.074	0.001	0.745
0.001	0.016	0.001	0.982
0.117	0.757	0.071	0.055
0.001	0.995	0.003	0.001
0.001	0.106	0.356	0.537
0.007	0.024	0.968	0.001
0.564	0.003	0.001	0.432
0.156	0.021	0.344	0.479
>CMCGCCTY	13-CMCGCCTY	8.321283	-34.846889	0	T:152.0(11.31%),B:2662.3(5.63%),P:1e-15	Tpos:93.3,Tstd:55.1,Bpos:99.5,Bstd:57.5,StrandBias:0.1,Multiplicity:1.15
0.001	0.588	0.312	0.099
0.522	0.476	0.001	0.001
0.001	0.997	0.001	0.001
0.001	0.001	0.997	0.001
0.001	0.997	0.001	0.001
0.001	0.997	0.001	0.001
0.001	0.405	0.001	0.593
0.016	0.423	0.001	0.560
>TACGTCAC	14-TACGTCAC	5.585226	-29.401849	0	T:159.0(11.83%),B:3034.3(6.41%),P:1e-12	Tpos:97.9,Tstd:54.7,Bpos:96.2,Bstd:61.3,StrandBias:-0.0,Multiplicity:1.06
0.038	0.129	0.165	0.668
0.824	0.052	0.099	0.025
0.054	0.764	0.107	0.075
0.067	0.152	0.772	0.009
0.101	0.023	0.049	0.827
0.089	0.734	0.109	0.068
0.805	0.068	0.098	0.029
0.078	0.616	0.183	0.123
>ATGCGTCR	15-ATGCGTCR	7.526484	-28.740570	0	T:50.0(3.72%),B:520.8(1.10%),P:1e-12	Tpos:106.7,Tstd:50.1,Bpos:102.1,Bstd:64.0,StrandBias:-0.2,Multiplicity:1.00
0.997	0.001	0.001	0.001
0.001	0.001	0.001	0.997
0.001	0.001	0.705	0.293
0.001	0.835	0.001	0.163
0.057	0.001	0.941	0.001
0.001	0.001	0.001	0.997
0.376	0.622	0.001	0.001
0.425	0.001	0.573	0.001
>GCATTCTT	16-GCATTCTT	8.295447	-24.700369	0	T:59.0(4.39%),B:766.0(1.62%),P:1e-10	Tpos:98.4,Tstd:57.1,Bpos:98.1,Bstd:59.8,StrandBias:0.0,Multiplicity:1.00
0.242	0.001	0.756	0.001
0.001	0.899	0.099	0.001
0.997	0.001	0.001	0.001
0.001	0.001	0.001	0.997
0.001	0.001	0.001	0.997
0.001	0.997	0.001	0.001
0.001	0.001	0.001	0.997
0.169	0.001	0.001	0.829
>CCACACCC	17-CCACACCC	8.395239	-24.452570	0	T:134.0(9.97%),B:2571.4(5.43%),P:1e-10	Tpos:99.6,Tstd:53.0,Bpos:98.8,Bstd:62.3,StrandBias:0.4,Multiplicity:1.12
0.100	0.802	0.097	0.001
0.058	0.824	0.001	0.117
0.997	0.001	0.001	0.001
0.001	0.997	0.001	0.001
0.997	0.001	0.001	0.001
0.001	0.832	0.001	0.166
0.001	0.997	0.001	0.001
0.001	0.997	0.001	0.001
>AGGCCTGC	18-AGGCCTGC	5.574474	-23.437508	0	T:313.0(23.29%),B:7781.3(16.45%),P:1e-10	Tpos:102.7,Tstd:58.8,Bpos:100.8,Bstd:62.2,StrandBias:0.0,Multiplicity:1.19
0.728	0.167	0.048	0.057
0.208	0.141	0.619	0.032
0.057	0.196	0.690	0.057
0.081	0.792	0.008	0.119
0.223	0.536	0.006	0.235
0.225	0.013	0.191	0.571
0.155	0.171	0.503	0.171
0.147	0.539	0.242	0.072
>CTCCTCCC	19-CTCCTCCC	9.103310	-19.061118	0	T:163.0(12.13%),B:3612.6(7.63%),P:1e-8	Tpos:104.3,Tstd:58.0,Bpos:99.5,Bstd:56.8,StrandBias:0.4,Multiplicity:1.11
0.001	0.826	0.001	0.172
0.001	0.001	0.001	0.997
0.001	0.997	0.001	0.001
0.169	0.829	0.001	0.001
0.001	0.001	0.001	0.997
0.001	0.997	0.001	0.001
0.001	0.997	0.001	0.001
0.001	0.997	0.001	0.001
>GGTTGAGC	20-GGTTGAGC	6.210144	-18.947430	0	T:154.0(11.46%),B:3364.3(7.11%),P:1e-8	Tpos:97.8,Tstd:58.8,Bpos:97.7,Bstd:60.8,StrandBias:-0.1,Multiplicity:1.09
0.001	0.001	0.997	0.001
0.093	0.001	0.905	0.001
0.001	0.001	0.001	0.997
0.001	0.001	0.098	0.900
0.001	0.001	0.997	0.001
0.578	0.066	0.355	0.001
0.001	0.001	0.997	0.001
0.001	0.855	0.001	0.143
>GTGAGCAT	21-GTGAGCAT	8.248305	-7.875172	0	T:35.0(2.60%),B:653.1(1.38%),P:1e-3	Tpos:102.8,Tstd:54.5,Bpos:100.1,Bstd:68.0,StrandBias:0.9,Multiplicity:1.64
0.001	0.001	0.997	0.001
0.001	0.225	0.001	0.773
0.001	0.001	0.903	0.095
0.997	0.001	0.001	0.001
0.001	0.001	0.997	0.001
0.001	0.997	0.001	0.001
0.806	0.001	0.192	0.001
0.001	0.001	0.001	0.997
