>VTGAGTCAYN	1-VTGAGTCAYN	6.577498	-760.764102	0	T:553.0(41.15%),B:2508.8(5.30%),P:1e-330	Tpos:104.1,Tstd:54.4,Bpos:102.8,Bstd:66.0,StrandBias:-0.1,Multiplicity:1.12
0.362	0.217	0.304	0.117
0.001	0.001	0.070	0.928
0.001	0.098	0.558	0.343
0.722	0.075	0.001	0.202
0.302	0.001	0.480	0.217
0.001	0.081	0.080	0.838
0.274	0.616	0.109	0.001
0.875	0.021	0.001	0.103
0.102	0.313	0.202	0.383
0.218	0.311	0.207	0.264
>TGACTCATCG	2-TGACTCATCG	6.738325	-745.906205	0	T:483.0(35.94%),B:1770.1(3.74%),P:1e-323	Tpos:103.1,Tstd:51.1,Bpos:100.2,Bstd:66.7,StrandBias:0.0,Multiplicity:1.23
0.005	0.009	0.013	0.973
0.011	0.017	0.940	0.032
0.972	0.010	0.007	0.011
0.016	0.714	0.241	0.029
0.024	0.016	0.014	0.946
0.037	0.938	0.011	0.014
0.982	0.004	0.010	0.004
0.038	0.212	0.191	0.559
0.148	0.530	0.177	0.145
0.145	0.254	0.446	0.155
>MTAACCACAV	3-MTAACCACAV	6.923458	-125.567878	0	T:241.0(17.93%),B:2707.2(5.72%),P:1e-54	Tpos:106.0,Tstd:50.5,Bpos:98.7,Bstd:62.0,StrandBias:0.4,Multiplicity:1.09
0.258	0.376	0.190	0.176
0.298	0.012	0.066	0.624
0.822	0.085	0.092	0.001
0.902	0.047	0.012	0.039
0.038	0.927	0.018	0.017
0.052	0.946	0.001	0.001
0.768	0.001	0.098	0.133
0.069	0.833	0.064	0.034
0.739	0.094	0.081	0.086
0.272	0.221	0.355	0.151
>RTTRCHYMAY	4-RTTRCHYMAY	7.517409	-104.352304	0	T:187.0(13.91%),B:1974.8(4.17%),P:1e-45	Tpos:104.9,Tstd:52.0,Bpos:100.8,Bstd:63.1,StrandBias:0.4,Multiplicity:1.12
0.327	0.201	0.472	0.001
0.001	0.001	0.001	0.997
0.001	0.001	0.001	0.997
0.353	0.001	0.494	0.152
0.001	0.997	0.001	0.001
0.428	0.281	0.001	0.290
0.216	0.398	0.001	0.385
0.458	0.450	0.001	0.090
0.997	0.001	0.001	0.001
0.001	0.316	0.265	0.418
>GGCCCCGCCC	5-GGCCCCGCCC	7.874930	-87.102809	0	T:309.0(22.99%),B:5039.5(10.65%),P:1e-37	Tpos:97.7,Tstd:54.7,Bpos:95.6,Bstd:56.3,StrandBias:-0.4,Multiplicity:1.50
0.158	0.097	0.617	0.128
0.136	0.001	0.807	0.056
0.019	0.747	0.121	0.113
0.050	0.855	0.001	0.094
0.147	0.756	0.028	0.069
0.001	0.792	0.163	0.044
0.130	0.132	0.572	0.166
0.001	0.997	0.001	0.001
0.001	0.980	0.001	0.018
0.001	0.890	0.043	0.066
>YGAGTCABCA	6-YGAGTCABCA	6.606893	-83.890528	0	T:152.0(11.31%),B:1609.7(3.40%),P:1e-36	Tpos:96.2,Tstd:54.0,Bpos:99.2,Bstd:64.2,StrandBias:-0.2,Multiplicity:1.05
0.029	0.352	0.137	0.482
0.334	0.047	0.584	0.035
0.603	0.285	0.051	0.061
0.217	0.053	0.679	0.051
0.077	0.062	0.058	0.803
0.248	0.503	0.223	0.026
0.673	0.053	0.253	0.021
0.137	0.341	0.326	0.196
0.053	0.528	0.356	0.063
0.766	0.070	0.096	0.068
>HAHRCATTCC	7-HAHRCATTCC	6.294416	-74.721014	0	T:160.0(11.90%),B:1911.0(4.04%),P:1e-32	Tpos:105.8,Tstd:54.7,Bpos:101.2,Bstd:62.2,StrandBias:-0.3,Multiplicity:1.06
0.265	0.263	0.110	0.361
0.518	0.146	0.131	0.205
0.315	0.278	0.095	0.311
0.456	0.060	0.415	0.069
0.068	0.782	0.086	0.064
0.831	0.045	0.045	0.079
0.211	0.097	0.127	0.565
0.150	0.138	0.058	0.654
0.081	0.773	0.071	0.075
0.149	0.621	0.036	0.194
>ARTAGGCGGG	8-ARTAGGCGGG	7.559116	-56.430337	0	T:115.0(8.56%),B:1323.1(2.80%),P:1e-24	Tpos:91.9,Tstd:54.0,Bpos:94.4,Bstd:57.3,StrandBias:-0.3,Multiplicity:1.09
0.732	0.028	0.001	0.239
0.489	0.001	0.486	0.023
0.001	0.033	0.299	0.667
0.628	0.001	0.370	0.001
0.001	0.001	0.997	0.001
0.001	0.001	0.997	0.001
0.001	0.997	0.001	0.001
0.001	0.001	0.997	0.001
0.001	0.001	0.997	0.001
0.001	0.001	0.997	0.001
>ATATAAACAC	9-ATATAAACAC	7.176292	-43.985084	0	T:109.0(8.11%),B:1427.7(3.02%),P:1e-19	Tpos:106.5,Tstd:56.4,Bpos:100.6,Bstd:66.4,StrandBias:0.2,Multiplicity:1.09
0.780	0.052	0.087	0.081
0.100	0.090	0.096	0.714
0.772	0.068	0.091	0.069
0.051	0.095	0.042	0.812
0.851	0.044	0.057	0.048
0.783	0.097	0.055	0.065
0.877	0.024	0.047	0.052
0.034	0.864	0.061	0.041
0.895	0.008	0.022	0.075
0.113	0.658	0.158	0.071
>KRAATTMCWV	10-KRAATTMCWV	6.518434	-40.385650	0	T:103.0(7.66%),B:1373.1(2.90%),P:1e-17	Tpos:103.9,Tstd:46.8,Bpos:98.0,Bstd:60.4,StrandBias:-0.5,Multiplicity:1.02
0.197	0.023	0.463	0.317
0.275	0.161	0.422	0.143
0.528	0.311	0.048	0.113
0.809	0.058	0.062	0.071
0.076	0.066	0.067	0.791
0.067	0.061	0.261	0.611
0.432	0.506	0.030	0.032
0.195	0.711	0.041	0.053
0.426	0.055	0.153	0.367
0.249	0.314	0.318	0.119
>TGTTAGTCAG	11-TGTTAGTCAG	8.737852	-35.374341	0	T:46.0(3.42%),B:371.3(0.78%),P:1e-15	Tpos:94.4,Tstd:55.2,Bpos:108.1,Bstd:64.3,StrandBias:0.2,Multiplicity:1.03
0.152	0.001	0.256	0.591
0.162	0.117	0.502	0.219
0.001	0.204	0.001	0.794
0.001	0.001	0.001	0.997
0.807	0.001	0.191	0.001
0.001	0.213	0.785	0.001
0.001	0.001	0.001	0.997
0.001	0.788	0.210	0.001
0.832	0.001	0.166	0.001
0.046	0.001	0.952	0.001
>CCRGCCAATC	12-CCRGCCAATC	7.871238	-32.649159	0	T:72.0(5.36%),B:880.0(1.86%),P:1e-14	Tpos:103.9,Tstd:53.7,Bpos:99.9,Bstd:59.6,StrandBias:0.1,Multiplicity:1.08
0.160	0.714	0.125	0.001
0.011	0.969	0.019	0.001
0.434	0.274	0.292	0.001
0.096	0.190	0.501	0.213
0.044	0.860	0.044	0.052
0.033	0.828	0.001	0.138
0.858	0.036	0.001	0.105
0.987	0.001	0.011	0.001
0.002	0.013	0.001	0.984
0.028	0.876	0.071	0.025
>ACTATGTTTA	13-ACTATGTTTA	9.149879	-30.487936	0	T:27.0(2.01%),B:145.8(0.31%),P:1e-13	Tpos:88.5,Tstd:47.7,Bpos:105.9,Bstd:58.2,StrandBias:1.2,Multiplicity:1.04
0.825	0.079	0.046	0.050
0.129	0.808	0.062	0.001
0.001	0.037	0.001	0.961
0.997	0.001	0.001	0.001
0.001	0.001	0.001	0.997
0.001	0.001	0.920	0.078
0.098	0.098	0.001	0.803
0.001	0.001	0.161	0.837
0.202	0.001	0.037	0.760
0.841	0.030	0.006	0.123
>TGACGTCAWY	14-TGACGTCAWY	8.643024	-27.999533	0	T:64.0(4.76%),B:804.4(1.70%),P:1e-12	Tpos:86.3,Tstd:55.9,Bpos:89.3,Bstd:59.7,StrandBias:0.1,Multiplicity:1.02
0.001	0.001	0.001	0.997
0.001	0.001	0.997	0.001
0.848	0.001	0.150	0.001
0.152	0.601	0.246	0.001
0.092	0.227	0.680	0.001
0.001	0.001	0.001	0.997
0.001	0.997	0.001	0.001
0.887	0.001	0.111	0.001
0.398	0.197	0.076	0.329
0.147	0.400	0.108	0.345
>GGTTTGTTTA	15-GGTTTGTTTA	8.601136	-26.254626	0	T:33.0(2.46%),B:262.3(0.55%),P:1e-11	Tpos:92.3,Tstd:59.7,Bpos:102.3,Bstd:57.2,StrandBias:-0.2,Multiplicity:1.00
0.001	0.067	0.891	0.041
0.037	0.041	0.885	0.037
0.001	0.049	0.075	0.875
0.001	0.157	0.001	0.841
0.001	0.001	0.001	0.997
0.047	0.062	0.816	0.075
0.001	0.067	0.001	0.931
0.001	0.083	0.001	0.915
0.001	0.046	0.001	0.952
0.955	0.001	0.043	0.001
>GTTARCGWGC	16-GTTARCGWGC	6.718267	-18.739142	0	T:25.0(1.86%),B:215.1(0.45%),P:1e-8	Tpos:113.3,Tstd:48.0,Bpos:95.1,Bstd:66.2,StrandBias:-0.9,Multiplicity:1.08
0.044	0.144	0.767	0.045
0.047	0.209	0.215	0.529
0.018	0.301	0.018	0.663
0.487	0.178	0.066	0.269
0.392	0.025	0.533	0.050
0.224	0.413	0.171	0.192
0.166	0.058	0.713	0.063
0.315	0.025	0.202	0.458
0.029	0.273	0.644	0.054
0.262	0.484	0.020	0.234
>AGCACCCACA	17-AGCACCCACA	11.487425	-17.445964	0	T:15.0(1.12%),B:82.5(0.17%),P:1e-7	Tpos:91.4,Tstd:50.3,Bpos:91.5,Bstd:60.4,StrandBias:2.5,Multiplicity:1.86
0.997	0.001	0.001	0.001
0.001	0.001	0.997	0.001
0.001	0.997	0.001	0.001
0.997	0.001	0.001	0.001
0.133	0.865	0.001	0.001
0.001	0.997	0.001	0.001
0.001	0.716	0.282	0.001
0.997	0.001	0.001	0.001
0.001	0.997	0.001	0.001
0.997	0.001	0.001	0.001
>AAGAATGCAG	18-AAGAATGCAG	12.326309	-16.542449	0	T:9.0(0.67%),B:25.1(0.05%),P:1e-7	Tpos:126.1,Tstd:58.4,Bpos:104.8,Bstd:58.9,StrandBias:0.3,Multiplicity:1.00
0.997	0.001	0.001	0.001
0.997	0.001	0.001	0.001
0.001	0.001	0.997	0.001
0.997	0.001	0.001	0.001
0.997	0.001	0.001	0.001
0.001	0.001	0.001	0.997
0.001	0.001	0.997	0.001
0.001	0.997	0.001	0.001
0.777	0.001	0.221	0.001
0.001	0.001	0.997	0.001
>GTGGGGTGTA	19-GTGGGGTGTA	12.241353	-8.323926	0	T:5.0(0.37%),B:19.8(0.04%),P:1e-3	Tpos:91.1,Tstd:52.3,Bpos:119.5,Bstd:42.8,StrandBias:-1.0,Multiplicity:1.80
0.001	0.001	0.997	0.001
0.001	0.001	0.001	0.997
0.001	0.001	0.997	0.001
0.001	0.203	0.795	0.001
0.001	0.001	0.997	0.001
0.001	0.001	0.997	0.001
0.001	0.001	0.001	0.997
0.001	0.001	0.997	0.001
0.001	0.001	0.001	0.997
0.997	0.001	0.001	0.001
>GAGCATCTGA	20-GAGCATCTGA	12.081438	-7.932471	0	T:6.0(0.45%),B:32.3(0.07%),P:1e-3	Tpos:103.4,Tstd:54.6,Bpos:123.3,Bstd:61.5,StrandBias:4.5,Multiplicity:3.83
0.001	0.001	0.997	0.001
0.997	0.001	0.001	0.001
0.001	0.001	0.997	0.001
0.001	0.997	0.001	0.001
0.997	0.001	0.001	0.001
0.001	0.001	0.001	0.997
0.001	0.997	0.001	0.001
0.001	0.173	0.067	0.759
0.001	0.001	0.997	0.001
0.997	0.001	0.001	0.001
>ATCGATACGG	21-ATCGATACGG	12.100822	-7.835174	0	T:2.0(0.15%),B:0.4(0.00%),P:1e-3	Tpos:125.5,Tstd:68.5,Bpos:75.0,Bstd:0.0,StrandBias:10.0,Multiplicity:1.00
0.997	0.001	0.001	0.001
0.001	0.219	0.001	0.779
0.001	0.997	0.001	0.001
0.001	0.001	0.997	0.001
0.997	0.001	0.001	0.001
0.001	0.195	0.001	0.803
0.997	0.001	0.001	0.001
0.001	0.997	0.001	0.001
0.001	0.001	0.997	0.001
0.001	0.001	0.997	0.001
>CTTCTTCGAT	22-CTTCTTCGAT	10.296193	-6.467721	0	T:2.0(0.15%),B:2.1(0.00%),P:1e-2	Tpos:86.0,Tstd:48.8,Bpos:165.7,Bstd:18.3,StrandBias:1.6,Multiplicity:2.00
0.100	0.700	0.100	0.100
0.100	0.100	0.100	0.700
0.100	0.100	0.100	0.700
0.100	0.700	0.100	0.100
0.100	0.100	0.100	0.700
0.100	0.100	0.100	0.700
0.100	0.700	0.100	0.100
0.100	0.100	0.700	0.100
0.700	0.100	0.100	0.100
0.100	0.100	0.100	0.700
>TCACTATTCC	23-TCACTATTCC	10.296193	-6.075995	0	T:3.0(0.22%),B:9.3(0.02%),P:1e-2	Tpos:101.4,Tstd:60.7,Bpos:114.8,Bstd:43.1,StrandBias:1.3,Multiplicity:2.33
0.100	0.100	0.100	0.700
0.100	0.700	0.100	0.100
0.700	0.100	0.100	0.100
0.100	0.700	0.100	0.100
0.100	0.100	0.100	0.700
0.700	0.100	0.100	0.100
0.100	0.100	0.100	0.700
0.100	0.100	0.100	0.700
0.100	0.700	0.100	0.100
0.100	0.700	0.100	0.100
>GACCTGTAGT	24-GACCTGTAGT	11.780177	-4.334881	0	T:3.0(0.22%),B:17.5(0.04%),P:1e-1	Tpos:92.5,Tstd:58.7,Bpos:95.6,Bstd:67.1,StrandBias:2.8,Multiplicity:2.67
0.001	0.001	0.997	0.001
0.997	0.001	0.001	0.001
0.001	0.997	0.001	0.001
0.001	0.997	0.001	0.001
0.001	0.001	0.001	0.997
0.001	0.001	0.997	0.001
0.001	0.001	0.001	0.997
0.870	0.001	0.001	0.128
0.001	0.001	0.997	0.001
0.001	0.001	0.001	0.997
>TGAACCTTAC	25-TGAACCTTAC	11.927532	-4.055729	0	T:2.0(0.15%),B:7.1(0.01%),P:1e-1	Tpos:108.3,Tstd:52.8,Bpos:62.3,Bstd:40.7,StrandBias:2.3,Multiplicity:3.00
0.001	0.001	0.001	0.997
0.181	0.001	0.817	0.001
0.997	0.001	0.001	0.001
0.997	0.001	0.001	0.001
0.001	0.997	0.001	0.001
0.001	0.997	0.001	0.001
0.001	0.001	0.181	0.817
0.001	0.001	0.001	0.997
0.997	0.001	0.001	0.001
0.001	0.997	0.001	0.001
>VTGASTCABNNN	1-VTGASTCABNNN	7.134327	-818.809794	0	T:493.0(36.68%),B:1602.6(3.39%),P:1e-355	Tpos:102.8,Tstd:50.6,Bpos:98.5,Bstd:66.0,StrandBias:-0.0,Multiplicity:1.20
0.349	0.291	0.284	0.076
0.001	0.001	0.001	0.997
0.025	0.078	0.734	0.163
0.964	0.034	0.001	0.001
0.086	0.403	0.383	0.129
0.132	0.001	0.001	0.866
0.183	0.671	0.126	0.020
0.990	0.008	0.001	0.001
0.090	0.288	0.259	0.362
0.255	0.275	0.227	0.243
0.248	0.298	0.236	0.217
0.242	0.277	0.256	0.225
>NTGAGTCAGCNB	2-NTGAGTCAGCNB	6.063574	-344.970583	0	T:603.0(44.87%),B:7075.9(14.95%),P:1e-149	Tpos:101.9,Tstd:53.6,Bpos:103.4,Bstd:63.8,StrandBias:-0.4,Multiplicity:1.16
0.196	0.199	0.324	0.281
0.098	0.070	0.161	0.671
0.082	0.085	0.528	0.305
0.791	0.059	0.080	0.070
0.106	0.193	0.654	0.047
0.023	0.109	0.001	0.867
0.058	0.940	0.001	0.001
0.987	0.001	0.011	0.001
0.070	0.059	0.625	0.246
0.199	0.642	0.100	0.059
0.258	0.212	0.246	0.283
0.047	0.360	0.353	0.239
>AMWAACCACAKS	3-AMWAACCACAKS	5.271073	-109.782324	0	T:226.0(16.82%),B:2658.9(5.62%),P:1e-47	Tpos:104.3,Tstd:51.8,Bpos:99.2,Bstd:61.3,StrandBias:0.4,Multiplicity:1.09
0.517	0.198	0.056	0.229
0.257	0.405	0.113	0.226
0.408	0.193	0.001	0.398
0.830	0.001	0.113	0.056
0.997	0.001	0.001	0.001
0.001	0.997	0.001	0.001
0.001	0.997	0.001	0.001
0.942	0.001	0.056	0.001
0.001	0.997	0.001	0.001
0.997	0.001	0.001	0.001
0.174	0.116	0.427	0.283
0.177	0.422	0.285	0.116
>WGGCCCCGCCCC	4-WGGCCCCGCCCC	9.378687	-91.804369	0	T:166.0(12.35%),B:1758.3(3.72%),P:1e-39	Tpos:89.2,Tstd:55.2,Bpos:92.7,Bstd:57.1,StrandBias:-0.1,Multiplicity:1.47
0.330	0.134	0.080	0.456
0.297	0.057	0.645	0.001
0.108	0.001	0.852	0.039
0.001	0.773	0.175	0.051
0.001	0.917	0.001	0.081
0.153	0.796	0.001	0.050
0.051	0.920	0.028	0.001
0.203	0.001	0.722	0.074
0.001	0.997	0.001	0.001
0.001	0.997	0.001	0.001
0.001	0.716	0.001	0.282
0.233	0.568	0.001	0.198
>KRCATTCCWGWG	5-KRCATTCCWGWG	8.626059	-88.746343	0	T:136.0(10.12%),B:1255.2(2.65%),P:1e-38	Tpos:100.0,Tstd:50.9,Bpos:97.1,Bstd:61.1,StrandBias:-0.5,Multiplicity:1.02
0.198	0.199	0.352	0.251
0.432	0.001	0.474	0.093
0.331	0.592	0.076	0.001
0.793	0.001	0.001	0.205
0.001	0.001	0.001	0.997
0.001	0.001	0.225	0.773
0.001	0.997	0.001	0.001
0.001	0.997	0.001	0.001
0.451	0.001	0.001	0.547
0.064	0.214	0.638	0.084
0.509	0.001	0.072	0.418
0.001	0.274	0.724	0.001
>CRTTGCTCAATA	6-CRTTGCTCAATA	7.909404	-73.844476	0	T:92.0(6.85%),B:699.5(1.48%),P:1e-32	Tpos:96.4,Tstd:52.5,Bpos:101.7,Bstd:62.4,StrandBias:0.5,Multiplicity:1.06
0.291	0.499	0.001	0.209
0.462	0.123	0.414	0.001
0.001	0.001	0.001	0.997
0.001	0.001	0.001	0.997
0.331	0.001	0.583	0.085
0.001	0.917	0.081	0.001
0.416	0.001	0.001	0.582
0.167	0.585	0.001	0.247
0.832	0.166	0.001	0.001
0.793	0.082	0.124	0.001
0.083	0.166	0.167	0.584
0.457	0.251	0.125	0.166
>AGGGGCGGGCCT	7-AGGGGCGGGCCT	9.199879	-61.223259	0	T:126.0(9.38%),B:1460.6(3.09%),P:1e-26	Tpos:97.4,Tstd:50.8,Bpos:97.8,Bstd:56.7,StrandBias:-0.1,Multiplicity:1.07
0.516	0.075	0.341	0.068
0.113	0.001	0.793	0.093
0.101	0.001	0.883	0.015
0.040	0.001	0.958	0.001
0.008	0.046	0.945	0.001
0.131	0.830	0.001	0.038
0.194	0.012	0.717	0.077
0.049	0.015	0.921	0.015
0.001	0.001	0.864	0.134
0.124	0.592	0.246	0.038
0.015	0.693	0.095	0.197
0.217	0.011	0.102	0.670
>TGACTCATGCCT	8-TGACTCATGCCT	10.028389	-53.168466	0	T:48.0(3.57%),B:256.4(0.54%),P:1e-23	Tpos:84.1,Tstd:54.1,Bpos:103.2,Bstd:58.9,StrandBias:-1.3,Multiplicity:1.00
0.127	0.001	0.108	0.764
0.063	0.001	0.935	0.001
0.763	0.001	0.108	0.128
0.102	0.896	0.001	0.001
0.063	0.001	0.001	0.935
0.063	0.873	0.063	0.001
0.756	0.116	0.001	0.127
0.044	0.064	0.096	0.796
0.063	0.001	0.873	0.063
0.127	0.745	0.127	0.001
0.127	0.764	0.001	0.108
0.001	0.001	0.001	0.997
>TGACTCMTCCCA	9-TGACTCMTCCCA	8.420858	-48.580195	0	T:145.0(10.79%),B:2115.9(4.47%),P:1e-21	Tpos:96.8,Tstd:55.8,Bpos:99.1,Bstd:57.4,StrandBias:0.4,Multiplicity:1.04
0.240	0.036	0.187	0.537
0.001	0.017	0.896	0.086
0.429	0.232	0.243	0.096
0.101	0.766	0.115	0.018
0.168	0.083	0.151	0.598
0.001	0.933	0.065	0.001
0.504	0.470	0.001	0.025
0.129	0.054	0.065	0.752
0.036	0.784	0.074	0.106
0.001	0.997	0.001	0.001
0.001	0.952	0.001	0.046
0.612	0.092	0.046	0.250
>GGATGACTCACA	10-GGATGACTCACA	10.496640	-35.113661	0	T:24.0(1.79%),B:89.6(0.19%),P:1e-15	Tpos:95.8,Tstd:48.7,Bpos:99.5,Bstd:59.0,StrandBias:0.8,Multiplicity:1.00
0.001	0.200	0.699	0.100
0.099	0.001	0.899	0.001
0.997	0.001	0.001	0.001
0.099	0.001	0.001	0.899
0.001	0.100	0.699	0.200
0.799	0.199	0.001	0.001
0.001	0.997	0.001	0.001
0.100	0.200	0.200	0.500
0.100	0.699	0.200	0.001
0.899	0.001	0.099	0.001
0.001	0.997	0.001	0.001
0.997	0.001	0.001	0.001
>ATBAGTCACTCT	11-ATBAGTCACTCT	10.651236	-31.520395	0	T:22.0(1.64%),B:85.4(0.18%),P:1e-13	Tpos:112.8,Tstd:54.8,Bpos:84.6,Bstd:64.6,StrandBias:1.0,Multiplicity:1.07
0.887	0.107	0.001	0.005
0.108	0.231	0.219	0.442
0.113	0.219	0.334	0.334
0.778	0.001	0.001	0.220
0.001	0.001	0.891	0.107
0.001	0.001	0.001	0.997
0.001	0.997	0.001	0.001
0.886	0.001	0.001	0.112
0.001	0.891	0.001	0.107
0.107	0.001	0.107	0.785
0.001	0.997	0.001	0.001
0.001	0.001	0.001	0.997
>AGCCAATCCCAG	12-AGCCAATCCCAG	9.693503	-31.183814	0	T:42.0(3.12%),B:352.6(0.75%),P:1e-13	Tpos:103.4,Tstd:53.5,Bpos:93.3,Bstd:61.7,StrandBias:-0.3,Multiplicity:1.05
0.715	0.107	0.128	0.050
0.098	0.090	0.759	0.053
0.100	0.829	0.001	0.070
0.103	0.762	0.028	0.107
0.911	0.064	0.024	0.001
0.796	0.083	0.064	0.057
0.040	0.059	0.018	0.883
0.001	0.901	0.001	0.097
0.095	0.903	0.001	0.001
0.072	0.881	0.012	0.035
0.825	0.081	0.035	0.059
0.056	0.001	0.838	0.105
>GCCAATCAGCGC	13-GCCAATCAGCGC	9.741747	-29.807527	0	T:35.0(2.60%),B:258.0(0.55%),P:1e-12	Tpos:94.3,Tstd:48.2,Bpos:91.7,Bstd:60.5,StrandBias:-0.3,Multiplicity:1.00
0.035	0.108	0.728	0.129
0.034	0.964	0.001	0.001
0.028	0.936	0.001	0.035
0.911	0.018	0.035	0.036
0.791	0.057	0.082	0.070
0.001	0.117	0.056	0.826
0.001	0.893	0.071	0.035
0.928	0.070	0.001	0.001
0.035	0.098	0.832	0.035
0.192	0.709	0.075	0.024
0.094	0.035	0.762	0.109
0.087	0.729	0.148	0.036
>CCGGCCTCTCCC	14-CCGGCCTCTCCC	9.126521	-26.737940	0	T:117.0(8.71%),B:2054.8(4.34%),P:1e-11	Tpos:103.5,Tstd:53.5,Bpos:101.6,Bstd:55.3,StrandBias:-0.1,Multiplicity:1.12
0.019	0.843	0.083	0.055
0.087	0.751	0.053	0.109
0.095	0.080	0.746	0.079
0.075	0.110	0.773	0.042
0.032	0.873	0.051	0.044
0.037	0.873	0.058	0.032
0.066	0.056	0.048	0.830
0.032	0.863	0.036	0.069
0.053	0.076	0.021	0.850
0.054	0.849	0.045	0.052
0.010	0.855	0.017	0.118
0.010	0.899	0.032	0.059
>ATTGCACAACCC	15-ATTGCACAACCC	7.447119	-25.959865	0	T:27.0(2.01%),B:177.7(0.38%),P:1e-11	Tpos:103.8,Tstd:61.2,Bpos:95.7,Bstd:63.5,StrandBias:1.7,Multiplicity:1.20
0.418	0.189	0.199	0.195
0.168	0.227	0.169	0.437
0.163	0.144	0.177	0.516
0.165	0.241	0.442	0.152
0.021	0.947	0.014	0.018
0.530	0.244	0.070	0.156
0.204	0.512	0.153	0.131
0.640	0.231	0.115	0.014
0.501	0.023	0.293	0.183
0.109	0.496	0.283	0.113
0.226	0.646	0.105	0.023
0.257	0.577	0.008	0.158
>GTGAGCATCTGA	16-GTGAGCATCTGA	13.129156	-23.847187	0	T:6.0(0.45%),B:2.2(0.00%),P:1e-10	Tpos:112.6,Tstd:55.5,Bpos:145.9,Bstd:8.0,StrandBias:4.3,Multiplicity:3.50
0.001	0.001	0.997	0.001
0.001	0.131	0.001	0.867
0.001	0.001	0.997	0.001
0.997	0.001	0.001	0.001
0.001	0.001	0.997	0.001
0.001	0.997	0.001	0.001
0.997	0.001	0.001	0.001
0.001	0.001	0.001	0.997
0.001	0.961	0.037	0.001
0.001	0.001	0.037	0.961
0.001	0.001	0.997	0.001
0.997	0.001	0.001	0.001
>CAGCACCCACAC	17-CAGCACCCACAC	13.307015	-22.680077	0	T:8.0(0.60%),B:8.1(0.02%),P:1e-9	Tpos:89.5,Tstd:48.7,Bpos:81.1,Bstd:74.9,StrandBias:3.2,Multiplicity:2.50
0.001	0.997	0.001	0.001
0.949	0.001	0.049	0.001
0.001	0.001	0.997	0.001
0.001	0.997	0.001	0.001
0.997	0.001	0.001	0.001
0.001	0.997	0.001	0.001
0.001	0.949	0.049	0.001
0.001	0.792	0.206	0.001
0.997	0.001	0.001	0.001
0.001	0.997	0.001	0.001
0.997	0.001	0.001	0.001
0.001	0.997	0.001	0.001
>CAGGCCGTGAGG	18-CAGGCCGTGAGG	14.263086	-18.422032	0	T:6.0(0.45%),B:5.8(0.01%),P:1e-8	Tpos:74.9,Tstd:49.2,Bpos:74.1,Bstd:22.0,StrandBias:-1.6,Multiplicity:1.33
0.001	0.997	0.001	0.001
0.997	0.001	0.001	0.001
0.001	0.001	0.997	0.001
0.001	0.001	0.997	0.001
0.001	0.997	0.001	0.001
0.001	0.997	0.001	0.001
0.001	0.001	0.997	0.001
0.001	0.001	0.001	0.997
0.001	0.126	0.872	0.001
0.872	0.126	0.001	0.001
0.126	0.001	0.872	0.001
0.001	0.001	0.997	0.001
>GAGCAGCACCCA	19-GAGCAGCACCCA	12.355432	-15.763666	0	T:5.0(0.37%),B:4.5(0.01%),P:1e-6	Tpos:105.2,Tstd:71.2,Bpos:87.6,Bstd:63.1,StrandBias:10.0,Multiplicity:2.00
0.100	0.100	0.700	0.100
0.700	0.100	0.100	0.100
0.100	0.100	0.700	0.100
0.100	0.700	0.100	0.100
0.700	0.100	0.100	0.100
0.100	0.100	0.700	0.100
0.100	0.700	0.100	0.100
0.700	0.100	0.100	0.100
0.100	0.700	0.100	0.100
0.100	0.700	0.100	0.100
0.100	0.700	0.100	0.100
0.700	0.100	0.100	0.100
>GTGGAGBCAGGG	20-GTGGAGBCAGGG	10.448453	-14.069971	0	T:44.0(3.27%),B:679.8(1.44%),P:1e-6	Tpos:101.8,Tstd:57.9,Bpos:100.8,Bstd:57.0,StrandBias:0.6,Multiplicity:1.03
0.037	0.169	0.760	0.034
0.114	0.029	0.105	0.752
0.001	0.001	0.997	0.001
0.057	0.111	0.831	0.001
0.870	0.071	0.058	0.001
0.001	0.001	0.997	0.001
0.167	0.192	0.306	0.334
0.001	0.977	0.021	0.001
0.608	0.072	0.221	0.099
0.071	0.001	0.927	0.001
0.095	0.050	0.854	0.001
0.094	0.003	0.902	0.001
>GACCTGTAATGC	21-GACCTGTAATGC	13.355197	-10.440599	0	T:3.0(0.22%),B:2.4(0.01%),P:1e-4	Tpos:94.0,Tstd:58.3,Bpos:78.1,Bstd:73.6,StrandBias:10.0,Multiplicity:2.67
0.001	0.001	0.997	0.001
0.997	0.001	0.001	0.001
0.001	0.997	0.001	0.001
0.001	0.997	0.001	0.001
0.001	0.001	0.001	0.997
0.001	0.001	0.997	0.001
0.001	0.001	0.001	0.997
0.997	0.001	0.001	0.001
0.779	0.001	0.219	0.001
0.001	0.001	0.001	0.997
0.001	0.177	0.821	0.001
0.001	0.997	0.001	0.001
>CAGTAATCAGTA	22-CAGTAATCAGTA	9.447987	-8.403489	0	T:3.0(0.22%),B:4.4(0.01%),P:1e-3	Tpos:121.6,Tstd:62.3,Bpos:89.9,Bstd:50.1,StrandBias:2.0,Multiplicity:3.33
0.001	0.997	0.001	0.001
0.997	0.001	0.001	0.001
0.001	0.001	0.997	0.001
0.001	0.001	0.001	0.997
0.808	0.001	0.190	0.001
0.997	0.001	0.001	0.001
0.001	0.001	0.001	0.997
0.001	0.997	0.001	0.001
0.997	0.001	0.001	0.001
0.001	0.001	0.997	0.001
0.001	0.001	0.219	0.779
0.997	0.001	0.001	0.001
>GATGGCGCTGGG	23-GATGGCGCTGGG	12.355432	-7.835174	0	T:2.0(0.15%),B:0.5(0.00%),P:1e-3	Tpos:127.0,Tstd:49.5,Bpos:37.0,Bstd:0.0,StrandBias:2.3,Multiplicity:3.00
0.100	0.100	0.700	0.100
0.700	0.100	0.100	0.100
0.100	0.100	0.100	0.700
0.100	0.100	0.700	0.100
0.100	0.100	0.700	0.100
0.100	0.700	0.100	0.100
0.100	0.100	0.700	0.100
0.100	0.700	0.100	0.100
0.100	0.100	0.100	0.700
0.100	0.100	0.700	0.100
0.100	0.100	0.700	0.100
0.100	0.100	0.700	0.100
>CCTACACCCCAC	24-CCTACACCCCAC	12.355432	-7.835174	0	T:2.0(0.15%),B:1.7(0.00%),P:1e-3	Tpos:111.4,Tstd:61.2,Bpos:147.0,Bstd:0.0,StrandBias:10.0,Multiplicity:2.50
0.100	0.700	0.100	0.100
0.100	0.700	0.100	0.100
0.100	0.100	0.100	0.700
0.700	0.100	0.100	0.100
0.100	0.700	0.100	0.100
0.700	0.100	0.100	0.100
0.100	0.700	0.100	0.100
0.100	0.700	0.100	0.100
0.100	0.700	0.100	0.100
0.100	0.700	0.100	0.100
0.700	0.100	0.100	0.100
0.100	0.700	0.100	0.100
>CGCTCACTATTC	25-CGCTCACTATTC	14.659225	-5.675588	0	T:2.0(0.15%),B:3.9(0.01%),P:1e-2	Tpos:84.7,Tstd:52.1,Bpos:70.8,Bstd:26.7,StrandBias:2.3,Multiplicity:3.00
0.001	0.997	0.001	0.001
0.161	0.161	0.677	0.001
0.001	0.997	0.001	0.001
0.001	0.001	0.001	0.997
0.001	0.997	0.001	0.001
0.997	0.001	0.001	0.001
0.001	0.997	0.001	0.001
0.001	0.001	0.001	0.997
0.887	0.001	0.111	0.001
0.001	0.001	0.001	0.997
0.001	0.001	0.001	0.997
0.001	0.997	0.001	0.001
>TGACTCAT	1-TGACTCAT	5.886118	-759.912656	0	T:534.0(39.73%),B:2281.1(4.82%),P:1e-330	Tpos:103.2,Tstd:52.2,Bpos:100.6,Bstd:67.3,StrandBias:-0.0,Multiplicity:1.25
0.001	0.001	0.001	0.997
0.001	0.001	0.985	0.013
0.997	0.001	0.001	0.001
0.021	0.723	0.226	0.030
0.012	0.001	0.004	0.983
0.037	0.961	0.001	0.001
0.997	0.001	0.001	0.001
0.032	0.214	0.191	0.563
>TTACTCAC	2-TTACTCAC	4.939126	-670.188761	0	T:535.0(39.81%),B:2754.7(5.82%),P:1e-291	Tpos:102.6,Tstd:55.6,Bpos:101.3,Bstd:65.6,StrandBias:0.1,Multiplicity:1.07
0.001	0.001	0.001	0.997
0.001	0.001	0.350	0.648
0.997	0.001	0.001	0.001
0.001	0.677	0.321	0.001
0.001	0.001	0.001	0.997
0.350	0.648	0.001	0.001
0.997	0.001	0.001	0.001
0.001	0.630	0.353	0.016
>TGTGGTTW	3-TGTGGTTW	3.856687	-108.545246	0	T:202.0(15.03%),B:2200.4(4.65%),P:1e-47	Tpos:105.8,Tstd:51.3,Bpos:99.9,Bstd:63.0,StrandBias:-0.3,Multiplicity:1.07
0.001	0.001	0.001	0.997
0.001	0.001	0.997	0.001
0.001	0.001	0.001	0.997
0.001	0.001	0.997	0.001
0.001	0.001	0.997	0.001
0.001	0.001	0.001	0.997
0.001	0.263	0.001	0.735
0.470	0.001	0.001	0.528
>TGGAATTY	4-TGGAATTY	7.580531	-85.867924	0	T:210.0(15.62%),B:2753.9(5.82%),P:1e-37	Tpos:106.3,Tstd:50.7,Bpos:100.6,Bstd:61.3,StrandBias:0.4,Multiplicity:1.06
0.274	0.034	0.001	0.691
0.023	0.001	0.975	0.001
0.001	0.001	0.997	0.001
0.726	0.001	0.001	0.272
0.997	0.001	0.001	0.001
0.001	0.001	0.001	0.997
0.001	0.001	0.331	0.667
0.001	0.528	0.001	0.470
>TTGCAYMA	5-TTGCAYMA	7.021581	-68.530257	0	T:134.0(9.97%),B:1498.3(3.17%),P:1e-29	Tpos:114.5,Tstd:52.4,Bpos:98.1,Bstd:61.6,StrandBias:0.1,Multiplicity:1.08
0.001	0.001	0.001	0.997
0.001	0.011	0.001	0.987
0.112	0.001	0.886	0.001
0.001	0.997	0.001	0.001
0.791	0.001	0.207	0.001
0.184	0.397	0.001	0.418
0.518	0.465	0.001	0.016
0.997	0.001	0.001	0.001
>TATAAACA	6-TATAAACA	6.249932	-60.983219	0	T:171.0(12.72%),B:2415.4(5.10%),P:1e-26	Tpos:100.7,Tstd:54.0,Bpos:101.2,Bstd:63.8,StrandBias:0.4,Multiplicity:1.12
0.177	0.038	0.162	0.623
0.746	0.055	0.198	0.001
0.001	0.038	0.001	0.960
0.962	0.036	0.001	0.001
0.907	0.054	0.001	0.038
0.990	0.001	0.008	0.001
0.001	0.982	0.001	0.016
0.997	0.001	0.001	0.001
>SCCCCCCC	7-SCCCCCCC	6.831840	-49.292427	0	T:237.0(17.63%),B:4350.1(9.19%),P:1e-21	Tpos:94.9,Tstd:55.4,Bpos:94.4,Bstd:54.9,StrandBias:-0.2,Multiplicity:1.49
0.036	0.512	0.370	0.082
0.068	0.776	0.101	0.055
0.037	0.796	0.092	0.075
0.110	0.602	0.222	0.066
0.064	0.575	0.309	0.052
0.047	0.648	0.277	0.028
0.034	0.789	0.130	0.047
0.077	0.818	0.028	0.077
>CTMCGCCC	8-CTMCGCCC	7.335649	-47.721753	0	T:323.0(24.03%),B:6758.8(14.28%),P:1e-20	Tpos:106.9,Tstd:54.4,Bpos:97.2,Bstd:57.9,StrandBias:-0.0,Multiplicity:1.24
0.001	0.784	0.001	0.214
0.154	0.312	0.001	0.533
0.470	0.528	0.001	0.001
0.001	0.997	0.001	0.001
0.062	0.265	0.672	0.001
0.001	0.997	0.001	0.001
0.001	0.997	0.001	0.001
0.001	0.997	0.001	0.001
>CCAATCGG	9-CCAATCGG	6.644218	-42.421243	0	T:113.0(8.41%),B:1545.8(3.27%),P:1e-18	Tpos:107.1,Tstd:52.9,Bpos:91.7,Bstd:61.3,StrandBias:0.4,Multiplicity:1.19
0.001	0.997	0.001	0.001
0.001	0.981	0.001	0.017
0.997	0.001	0.001	0.001
0.935	0.001	0.030	0.034
0.001	0.001	0.001	0.997
0.079	0.605	0.315	0.001
0.302	0.070	0.627	0.001
0.001	0.063	0.935	0.001
>TTAACCRC	10-TTAACCRC	6.109052	-37.821193	0	T:156.0(11.61%),B:2667.7(5.64%),P:1e-16	Tpos:94.6,Tstd:55.6,Bpos:100.2,Bstd:61.8,StrandBias:-0.7,Multiplicity:1.09
0.107	0.035	0.237	0.621
0.103	0.001	0.081	0.815
0.997	0.001	0.001	0.001
0.997	0.001	0.001	0.001
0.001	0.540	0.363	0.096
0.090	0.793	0.001	0.116
0.436	0.001	0.417	0.146
0.285	0.644	0.001	0.070
>CACAGCTG	11-CACAGCTG	8.582182	-35.986597	0	T:207.0(15.40%),B:4049.3(8.56%),P:1e-15	Tpos:92.7,Tstd:54.4,Bpos:101.6,Bstd:66.8,StrandBias:0.2,Multiplicity:1.07
0.257	0.458	0.001	0.283
0.600	0.218	0.001	0.181
0.001	0.997	0.001	0.001
0.997	0.001	0.001	0.001
0.001	0.001	0.997	0.001
0.001	0.997	0.001	0.001
0.001	0.001	0.001	0.997
0.001	0.001	0.997	0.001
>TTCCTGWK	12-TTCCTGWK	7.853682	-35.087121	0	T:141.0(10.49%),B:2382.0(5.03%),P:1e-15	Tpos:104.3,Tstd:58.8,Bpos:98.8,Bstd:63.4,StrandBias:-0.1,Multiplicity:1.09
0.180	0.074	0.001	0.745
0.001	0.016	0.001	0.982
0.117	0.757	0.071	0.055
0.001	0.995	0.003	0.001
0.001	0.106	0.356	0.537
0.007	0.024	0.968	0.001
0.564	0.003	0.001	0.432
0.156	0.021	0.344	0.479
>CMCGCCTY	13-CMCGCCTY	8.321283	-34.846889	0	T:152.0(11.31%),B:2662.3(5.63%),P:1e-15	Tpos:93.3,Tstd:55.1,Bpos:99.5,Bstd:57.5,StrandBias:0.1,Multiplicity:1.15
0.001	0.588	0.312	0.099
0.522	0.476	0.001	0.001
0.001	0.997	0.001	0.001
0.001	0.001	0.997	0.001
0.001	0.997	0.001	0.001
0.001	0.997	0.001	0.001
0.001	0.405	0.001	0.593
0.016	0.423	0.001	0.560
>TACGTCAC	14-TACGTCAC	5.585226	-29.401849	0	T:159.0(11.83%),B:3034.3(6.41%),P:1e-12	Tpos:97.9,Tstd:54.7,Bpos:96.2,Bstd:61.3,StrandBias:-0.0,Multiplicity:1.06
0.038	0.129	0.165	0.668
0.824	0.052	0.099	0.025
0.054	0.764	0.107	0.075
0.067	0.152	0.772	0.009
0.101	0.023	0.049	0.827
0.089	0.734	0.109	0.068
0.805	0.068	0.098	0.029
0.078	0.616	0.183	0.123
>ATGCGTCR	15-ATGCGTCR	7.526484	-28.740570	0	T:50.0(3.72%),B:520.8(1.10%),P:1e-12	Tpos:106.7,Tstd:50.1,Bpos:102.1,Bstd:64.0,StrandBias:-0.2,Multiplicity:1.00
0.997	0.001	0.001	0.001
0.001	0.001	0.001	0.997
0.001	0.001	0.705	0.293
0.001	0.835	0.001	0.163
0.057	0.001	0.941	0.001
0.001	0.001	0.001	0.997
0.376	0.622	0.001	0.001
0.425	0.001	0.573	0.001
>GCATTCTT	16-GCATTCTT	8.295447	-24.700369	0	T:59.0(4.39%),B:766.0(1.62%),P:1e-10	Tpos:98.4,Tstd:57.1,Bpos:98.1,Bstd:59.8,StrandBias:0.0,Multiplicity:1.00
0.242	0.001	0.756	0.001
0.001	0.899	0.099	0.001
0.997	0.001	0.001	0.001
0.001	0.001	0.001	0.997
0.001	0.001	0.001	0.997
0.001	0.997	0.001	0.001
0.001	0.001	0.001	0.997
0.169	0.001	0.001	0.829
>CCACACCC	17-CCACACCC	8.395239	-24.452570	0	T:134.0(9.97%),B:2571.4(5.43%),P:1e-10	Tpos:99.6,Tstd:53.0,Bpos:98.8,Bstd:62.3,StrandBias:0.4,Multiplicity:1.12
0.100	0.802	0.097	0.001
0.058	0.824	0.001	0.117
0.997	0.001	0.001	0.001
0.001	0.997	0.001	0.001
0.997	0.001	0.001	0.001
0.001	0.832	0.001	0.166
0.001	0.997	0.001	0.001
0.001	0.997	0.001	0.001
>AGGCCTGC	18-AGGCCTGC	5.574474	-23.437508	0	T:313.0(23.29%),B:7781.3(16.45%),P:1e-10	Tpos:102.7,Tstd:58.8,Bpos:100.8,Bstd:62.2,StrandBias:0.0,Multiplicity:1.19
0.728	0.167	0.048	0.057
0.208	0.141	0.619	0.032
0.057	0.196	0.690	0.057
0.081	0.792	0.008	0.119
0.223	0.536	0.006	0.235
0.225	0.013	0.191	0.571
0.155	0.171	0.503	0.171
0.147	0.539	0.242	0.072
>CTCCTCCC	19-CTCCTCCC	9.103310	-19.061118	0	T:163.0(12.13%),B:3612.6(7.63%),P:1e-8	Tpos:104.3,Tstd:58.0,Bpos:99.5,Bstd:56.8,StrandBias:0.4,Multiplicity:1.11
0.001	0.826	0.001	0.172
0.001	0.001	0.001	0.997
0.001	0.997	0.001	0.001
0.169	0.829	0.001	0.001
0.001	0.001	0.001	0.997
0.001	0.997	0.001	0.001
0.001	0.997	0.001	0.001
0.001	0.997	0.001	0.001
>GGTTGAGC	20-GGTTGAGC	6.210144	-18.947430	0	T:154.0(11.46%),B:3364.3(7.11%),P:1e-8	Tpos:97.8,Tstd:58.8,Bpos:97.7,Bstd:60.8,StrandBias:-0.1,Multiplicity:1.09
0.001	0.001	0.997	0.001
0.093	0.001	0.905	0.001
0.001	0.001	0.001	0.997
0.001	0.001	0.098	0.900
0.001	0.001	0.997	0.001
0.578	0.066	0.355	0.001
0.001	0.001	0.997	0.001
0.001	0.855	0.001	0.143
>GTGAGCAT	21-GTGAGCAT	8.248305	-7.875172	0	T:35.0(2.60%),B:653.1(1.38%),P:1e-3	Tpos:102.8,Tstd:54.5,Bpos:100.1,Bstd:68.0,StrandBias:0.9,Multiplicity:1.64
0.001	0.001	0.997	0.001
0.001	0.225	0.001	0.773
0.001	0.001	0.903	0.095
0.997	0.001	0.001	0.001
0.001	0.001	0.997	0.001
0.001	0.997	0.001	0.001
0.806	0.001	0.192	0.001
0.001	0.001	0.001	0.997
