>CCAATSRV	1-CCAATSRV	6.633021	-693.915822	0	T:1016.0(30.62%),B:3714.7(8.24%),P:1e-301	Tpos:101.2,Tstd:52.4,Bpos:86.4,Bstd:67.1,StrandBias:0.0,Multiplicity:1.53
0.002	0.974	0.008	0.016
0.014	0.962	0.011	0.013
0.939	0.001	0.001	0.059
0.956	0.001	0.001	0.042
0.001	0.017	0.001	0.981
0.172	0.422	0.388	0.018
0.487	0.093	0.407	0.012
0.215	0.293	0.358	0.134
>TGACTCAT	2-TGACTCAT	6.293387	-583.636717	0	T:574.0(17.30%),B:1320.0(2.93%),P:1e-253	Tpos:103.5,Tstd:52.1,Bpos:99.3,Bstd:64.6,StrandBias:0.0,Multiplicity:1.23
0.001	0.001	0.001	0.997
0.001	0.001	0.987	0.011
0.997	0.001	0.001	0.001
0.016	0.708	0.249	0.027
0.009	0.001	0.011	0.979
0.029	0.969	0.001	0.001
0.997	0.001	0.001	0.001
0.024	0.214	0.206	0.556
>RTKACTMA	3-RTKACTMA	6.792900	-556.548908	0	T:600.0(18.08%),B:1538.9(3.41%),P:1e-241	Tpos:101.6,Tstd:56.9,Bpos:98.9,Bstd:67.7,StrandBias:0.3,Multiplicity:1.07
0.457	0.068	0.450	0.025
0.001	0.001	0.001	0.997
0.001	0.001	0.566	0.432
0.997	0.001	0.001	0.001
0.001	0.632	0.366	0.001
0.001	0.001	0.001	0.997
0.566	0.432	0.001	0.001
0.997	0.001	0.001	0.001
>GCCAATCG	4-GCCAATCG	6.468928	-478.646178	0	T:758.0(22.85%),B:2860.3(6.35%),P:1e-207	Tpos:97.7,Tstd:55.5,Bpos:96.8,Bstd:66.5,StrandBias:0.2,Multiplicity:1.09
0.156	0.001	0.811	0.032
0.001	0.812	0.027	0.160
0.001	0.964	0.001	0.034
0.762	0.001	0.001	0.236
0.997	0.001	0.001	0.001
0.001	0.062	0.001	0.936
0.144	0.537	0.079	0.240
0.151	0.211	0.574	0.064
>GCCCCGCC	5-GCCCCGCC	7.631268	-435.521923	0	T:1391.0(41.92%),B:8825.2(19.58%),P:1e-189	Tpos:98.4,Tstd:55.4,Bpos:93.1,Bstd:63.4,StrandBias:-0.0,Multiplicity:1.63
0.067	0.001	0.931	0.001
0.001	0.838	0.057	0.104
0.038	0.839	0.001	0.122
0.083	0.915	0.001	0.001
0.001	0.997	0.001	0.001
0.053	0.001	0.945	0.001
0.001	0.997	0.001	0.001
0.001	0.997	0.001	0.001
>CCGCCCCT	6-CCGCCCCT	4.260206	-394.766151	0	T:1646.0(49.61%),B:12058.1(26.76%),P:1e-171	Tpos:100.2,Tstd:56.2,Bpos:96.7,Bstd:63.7,StrandBias:-0.0,Multiplicity:1.37
0.056	0.942	0.001	0.001
0.001	0.997	0.001	0.001
0.001	0.001	0.997	0.001
0.001	0.997	0.001	0.001
0.001	0.997	0.001	0.001
0.001	0.898	0.001	0.100
0.087	0.787	0.001	0.125
0.001	0.174	0.001	0.824
>CCAATCRG	7-CCAATCRG	5.806179	-277.585113	0	T:929.0(28.00%),B:5726.5(12.71%),P:1e-120	Tpos:98.5,Tstd:56.9,Bpos:99.3,Bstd:61.2,StrandBias:0.1,Multiplicity:1.09
0.029	0.786	0.086	0.099
0.014	0.875	0.067	0.044
0.893	0.001	0.001	0.105
0.705	0.001	0.208	0.086
0.012	0.166	0.001	0.821
0.001	0.854	0.001	0.144
0.409	0.073	0.409	0.109
0.162	0.202	0.623	0.013
>TRCGTCAC	8-TRCGTCAC	5.194000	-264.003690	0	T:1009.0(30.41%),B:6659.5(14.78%),P:1e-114	Tpos:98.5,Tstd:55.1,Bpos:94.1,Bstd:65.9,StrandBias:-0.1,Multiplicity:1.17
0.045	0.123	0.239	0.593
0.494	0.100	0.353	0.053
0.101	0.897	0.001	0.001
0.100	0.001	0.898	0.001
0.022	0.187	0.001	0.790
0.265	0.503	0.212	0.020
0.696	0.017	0.120	0.167
0.069	0.583	0.186	0.162
>MTMCRCCC	9-MTMCRCCC	7.101115	-188.157274	0	T:1239.0(37.34%),B:10158.4(22.54%),P:1e-81	Tpos:101.8,Tstd:54.2,Bpos:98.9,Bstd:59.8,StrandBias:-0.1,Multiplicity:1.19
0.383	0.418	0.001	0.198
0.384	0.001	0.001	0.614
0.566	0.432	0.001	0.001
0.001	0.997	0.001	0.001
0.364	0.001	0.466	0.169
0.001	0.997	0.001	0.001
0.001	0.997	0.001	0.001
0.001	0.997	0.001	0.001
>CCGGAAGT	10-CCGGAAGT	6.822810	-138.867412	0	T:552.0(16.64%),B:3560.3(7.90%),P:1e-60	Tpos:100.5,Tstd:57.1,Bpos:94.2,Bstd:57.5,StrandBias:0.0,Multiplicity:1.18
0.039	0.823	0.106	0.032
0.039	0.929	0.031	0.001
0.001	0.001	0.997	0.001
0.001	0.001	0.997	0.001
0.981	0.001	0.001	0.017
0.859	0.001	0.001	0.139
0.084	0.037	0.878	0.001
0.133	0.079	0.041	0.747
>TGTAGTYT	11-TGTAGTYT	7.454722	-108.362127	0	T:266.0(8.02%),B:1308.0(2.90%),P:1e-47	Tpos:104.3,Tstd:52.3,Bpos:96.1,Bstd:66.6,StrandBias:-0.1,Multiplicity:1.17
0.055	0.001	0.003	0.941
0.001	0.001	0.997	0.001
0.001	0.001	0.001	0.997
0.872	0.001	0.126	0.001
0.001	0.001	0.997	0.001
0.001	0.001	0.006	0.992
0.059	0.524	0.001	0.416
0.036	0.344	0.066	0.554
>TTRCGCAA	12-TTRCGCAA	6.212995	-95.763994	0	T:327.0(9.86%),B:1936.4(4.30%),P:1e-41	Tpos:101.4,Tstd:56.4,Bpos:101.6,Bstd:63.3,StrandBias:-0.0,Multiplicity:1.07
0.142	0.052	0.001	0.805
0.072	0.025	0.299	0.604
0.466	0.023	0.487	0.024
0.148	0.715	0.001	0.136
0.124	0.002	0.873	0.001
0.048	0.895	0.035	0.022
0.703	0.001	0.121	0.175
0.938	0.001	0.060	0.001
>TAACCAMM	13-TAACCAMM	5.553207	-84.473463	0	T:569.0(17.15%),B:4475.2(9.93%),P:1e-36	Tpos:101.3,Tstd:54.4,Bpos:101.6,Bstd:61.2,StrandBias:0.1,Multiplicity:1.15
0.050	0.231	0.096	0.623
0.700	0.100	0.104	0.096
0.972	0.026	0.001	0.001
0.233	0.546	0.199	0.022
0.052	0.840	0.062	0.046
0.697	0.001	0.122	0.180
0.379	0.433	0.001	0.187
0.476	0.342	0.001	0.181
>CGGATAKA	14-CGGATAKA	5.255844	-78.410526	0	T:339.0(10.22%),B:2239.0(4.97%),P:1e-34	Tpos:97.9,Tstd:55.7,Bpos:96.7,Bstd:63.3,StrandBias:-0.1,Multiplicity:1.02
0.013	0.964	0.001	0.022
0.056	0.093	0.743	0.108
0.001	0.015	0.660	0.324
0.546	0.202	0.141	0.111
0.266	0.111	0.010	0.613
0.540	0.127	0.200	0.133
0.074	0.237	0.272	0.417
0.511	0.125	0.224	0.140
>TTCCTGTT	15-TTCCTGTT	6.631089	-55.878946	0	T:228.0(6.87%),B:1464.7(3.25%),P:1e-24	Tpos:95.9,Tstd:59.4,Bpos:101.2,Bstd:54.7,StrandBias:0.2,Multiplicity:1.02
0.140	0.001	0.001	0.858
0.001	0.001	0.001	0.997
0.001	0.997	0.001	0.001
0.001	0.997	0.001	0.001
0.001	0.001	0.100	0.898
0.001	0.001	0.997	0.001
0.001	0.001	0.001	0.997
0.001	0.159	0.001	0.839
>GGAATGYG	16-GGAATGYG	6.972533	-46.745589	0	T:512.0(15.43%),B:4592.7(10.19%),P:1e-20	Tpos:100.1,Tstd:55.7,Bpos:100.5,Bstd:58.5,StrandBias:0.2,Multiplicity:1.12
0.001	0.001	0.997	0.001
0.001	0.001	0.883	0.115
0.657	0.057	0.266	0.020
0.569	0.001	0.343	0.087
0.001	0.031	0.001	0.967
0.048	0.001	0.950	0.001
0.001	0.424	0.001	0.574
0.224	0.127	0.420	0.228
>CATAGDST	17-CATAGDST	5.478614	-45.679488	0	T:440.0(13.26%),B:3813.8(8.46%),P:1e-19	Tpos:97.2,Tstd:57.1,Bpos:100.4,Bstd:64.7,StrandBias:-0.2,Multiplicity:1.09
0.017	0.672	0.072	0.239
0.568	0.082	0.349	0.001
0.001	0.001	0.001	0.997
0.953	0.001	0.001	0.045
0.067	0.227	0.649	0.057
0.372	0.001	0.364	0.262
0.201	0.407	0.277	0.114
0.001	0.154	0.055	0.790
>TCTCGCGA	18-TCTCGCGA	7.282327	-44.212976	0	T:129.0(3.89%),B:704.8(1.56%),P:1e-19	Tpos:96.6,Tstd:58.5,Bpos:93.5,Bstd:67.5,StrandBias:-0.0,Multiplicity:1.07
0.001	0.001	0.114	0.884
0.147	0.815	0.037	0.001
0.036	0.001	0.051	0.912
0.001	0.905	0.058	0.036
0.001	0.001	0.997	0.001
0.044	0.954	0.001	0.001
0.001	0.001	0.997	0.001
0.997	0.001	0.001	0.001
>GCGCATGC	19-GCGCATGC	7.284104	-42.785910	0	T:452.0(13.62%),B:4011.4(8.90%),P:1e-18	Tpos:97.6,Tstd:56.6,Bpos:93.8,Bstd:65.5,StrandBias:0.1,Multiplicity:1.22
0.096	0.010	0.884	0.010
0.029	0.969	0.001	0.001
0.010	0.001	0.988	0.001
0.019	0.971	0.001	0.009
0.792	0.123	0.029	0.056
0.089	0.040	0.109	0.762
0.032	0.001	0.966	0.001
0.001	0.884	0.011	0.104
>GANTGACR	20-GANTGACR	7.541039	-42.772048	0	T:166.0(5.00%),B:1044.0(2.32%),P:1e-18	Tpos:107.1,Tstd:55.1,Bpos:96.3,Bstd:60.7,StrandBias:-0.1,Multiplicity:1.04
0.098	0.001	0.797	0.104
0.852	0.146	0.001	0.001
0.270	0.178	0.245	0.307
0.001	0.001	0.001	0.997
0.001	0.001	0.845	0.153
0.706	0.001	0.217	0.076
0.001	0.943	0.001	0.055
0.424	0.092	0.415	0.069
>TGCCGGGA	21-TGCCGGGA	5.240645	-34.086213	0	T:371.0(11.18%),B:3311.4(7.35%),P:1e-14	Tpos:99.8,Tstd:56.0,Bpos:98.2,Bstd:58.3,StrandBias:0.0,Multiplicity:1.11
0.001	0.001	0.001	0.997
0.001	0.001	0.799	0.199
0.048	0.947	0.004	0.001
0.001	0.915	0.001	0.083
0.001	0.001	0.997	0.001
0.001	0.001	0.997	0.001
0.001	0.001	0.997	0.001
0.997	0.001	0.001	0.001
>TCAATCRC	22-TCAATCRC	7.408399	-28.662401	0	T:134.0(4.04%),B:918.2(2.04%),P:1e-12	Tpos:99.3,Tstd:56.7,Bpos:96.8,Bstd:62.3,StrandBias:0.1,Multiplicity:1.01
0.006	0.018	0.218	0.758
0.065	0.605	0.246	0.084
0.868	0.001	0.090	0.041
0.908	0.001	0.001	0.090
0.163	0.170	0.001	0.666
0.001	0.997	0.001	0.001
0.537	0.025	0.413	0.025
0.001	0.995	0.001	0.003
>CVTCACAC	23-CVTCACAC	7.862704	-25.327327	0	T:262.0(7.90%),B:2310.8(5.13%),P:1e-10	Tpos:95.8,Tstd:51.4,Bpos:100.9,Bstd:58.8,StrandBias:-0.4,Multiplicity:1.04
0.001	0.997	0.001	0.001
0.287	0.427	0.285	0.001
0.115	0.001	0.001	0.883
0.001	0.997	0.001	0.001
0.852	0.146	0.001	0.001
0.001	0.729	0.001	0.269
0.997	0.001	0.001	0.001
0.001	0.997	0.001	0.001
