>YGATTGGYYG	1-YGATTGGYYG	6.535461	-779.576093	0	T:978.0(29.48%),B:3089.4(6.86%),P:1e-338	Tpos:100.0,Tstd:52.5,Bpos:83.2,Bstd:66.3,StrandBias:-0.1,Multiplicity:1.53
0.018	0.400	0.112	0.470
0.050	0.251	0.603	0.096
0.969	0.001	0.029	0.001
0.014	0.001	0.004	0.981
0.053	0.005	0.005	0.937
0.006	0.001	0.978	0.015
0.003	0.024	0.972	0.001
0.126	0.322	0.120	0.433
0.036	0.477	0.135	0.351
0.291	0.133	0.468	0.108
>GYHCCGCCCH	2-GYHCCGCCCH	6.925829	-741.429500	0	T:1338.0(40.33%),B:6035.7(13.39%),P:1e-321	Tpos:99.3,Tstd:54.4,Bpos:89.0,Bstd:62.0,StrandBias:-0.0,Multiplicity:1.64
0.292	0.035	0.477	0.197
0.068	0.375	0.145	0.413
0.286	0.348	0.030	0.336
0.328	0.533	0.063	0.076
0.085	0.798	0.087	0.030
0.182	0.030	0.754	0.034
0.076	0.825	0.040	0.059
0.037	0.802	0.059	0.102
0.048	0.557	0.024	0.371
0.331	0.370	0.016	0.283
>KVTGASTCAY	3-KVTGASTCAY	7.479507	-655.417560	0	T:586.0(17.66%),B:1200.8(2.66%),P:1e-284	Tpos:102.7,Tstd:51.7,Bpos:99.8,Bstd:64.1,StrandBias:-0.0,Multiplicity:1.21
0.197	0.163	0.267	0.373
0.375	0.240	0.283	0.102
0.001	0.001	0.001	0.997
0.001	0.001	0.674	0.324
0.997	0.001	0.001	0.001
0.105	0.431	0.432	0.032
0.001	0.001	0.001	0.997
0.325	0.673	0.001	0.001
0.997	0.001	0.001	0.001
0.125	0.295	0.179	0.401
>CCCGCCCHYT	4-CCCGCCCHYT	7.408004	-598.679757	0	T:1443.0(43.49%),B:7958.2(17.66%),P:1e-260	Tpos:99.8,Tstd:55.4,Bpos:96.3,Bstd:59.8,StrandBias:0.1,Multiplicity:1.23
0.153	0.555	0.040	0.252
0.196	0.748	0.001	0.055
0.052	0.922	0.025	0.001
0.182	0.001	0.717	0.100
0.001	0.989	0.001	0.009
0.001	0.997	0.001	0.001
0.003	0.600	0.001	0.396
0.308	0.321	0.001	0.370
0.119	0.461	0.001	0.420
0.206	0.194	0.141	0.460
>TGADTCACNV	5-TGADTCACNV	6.925744	-359.267461	0	T:326.0(9.83%),B:659.6(1.46%),P:1e-156	Tpos:106.2,Tstd:54.5,Bpos:95.7,Bstd:63.1,StrandBias:0.1,Multiplicity:1.09
0.001	0.062	0.001	0.936
0.152	0.116	0.654	0.078
0.591	0.207	0.001	0.201
0.386	0.005	0.331	0.278
0.046	0.002	0.099	0.853
0.226	0.552	0.212	0.010
0.832	0.001	0.166	0.001
0.072	0.476	0.196	0.257
0.211	0.309	0.219	0.262
0.323	0.366	0.230	0.080
>CKATTGGCTG	6-CKATTGGCTG	8.297064	-282.909778	0	T:341.0(10.28%),B:955.1(2.12%),P:1e-122	Tpos:92.3,Tstd:50.2,Bpos:95.9,Bstd:60.7,StrandBias:0.3,Multiplicity:1.08
0.066	0.705	0.020	0.209
0.096	0.211	0.402	0.292
0.840	0.001	0.158	0.001
0.067	0.057	0.001	0.875
0.137	0.001	0.001	0.861
0.001	0.001	0.997	0.001
0.060	0.001	0.938	0.001
0.001	0.997	0.001	0.001
0.296	0.001	0.033	0.670
0.001	0.129	0.695	0.175
>AYTTCCGGYH	7-AYTTCCGGYH	6.953689	-175.767141	0	T:620.0(18.69%),B:3807.2(8.45%),P:1e-76	Tpos:103.2,Tstd:56.4,Bpos:95.0,Bstd:57.3,StrandBias:0.1,Multiplicity:1.16
0.493	0.184	0.118	0.204
0.001	0.476	0.099	0.424
0.233	0.019	0.001	0.747
0.001	0.001	0.046	0.952
0.001	0.997	0.001	0.001
0.001	0.997	0.001	0.001
0.001	0.001	0.807	0.191
0.055	0.246	0.693	0.006
0.152	0.301	0.154	0.393
0.217	0.328	0.153	0.303
>ACTACAAYTC	8-ACTACAAYTC	8.442168	-133.501947	0	T:181.0(5.46%),B:563.0(1.25%),P:1e-57	Tpos:105.0,Tstd:52.9,Bpos:95.5,Bstd:71.6,StrandBias:-0.1,Multiplicity:1.25
0.997	0.001	0.001	0.001
0.001	0.974	0.024	0.001
0.124	0.170	0.001	0.705
0.975	0.001	0.023	0.001
0.001	0.997	0.001	0.001
0.641	0.131	0.179	0.049
0.533	0.192	0.114	0.161
0.141	0.273	0.198	0.388
0.094	0.161	0.025	0.720
0.014	0.984	0.001	0.001
>TGGGTGGAGC	9-TGGGTGGAGC	8.055296	-115.633416	0	T:393.0(11.84%),B:2330.4(5.17%),P:1e-50	Tpos:96.2,Tstd:53.7,Bpos:96.0,Bstd:55.3,StrandBias:0.2,Multiplicity:1.11
0.067	0.001	0.078	0.854
0.141	0.013	0.830	0.016
0.033	0.010	0.943	0.014
0.001	0.001	0.997	0.001
0.185	0.001	0.001	0.813
0.001	0.019	0.970	0.010
0.001	0.001	0.997	0.001
0.825	0.008	0.134	0.033
0.005	0.001	0.993	0.001
0.026	0.769	0.016	0.189
>TGACGTAACG	10-TGACGTAACG	4.789516	-99.669065	0	T:689.0(20.77%),B:5502.5(12.21%),P:1e-43	Tpos:100.6,Tstd:53.4,Bpos:93.9,Bstd:64.6,StrandBias:0.1,Multiplicity:1.15
0.083	0.109	0.111	0.697
0.064	0.105	0.737	0.094
0.726	0.077	0.114	0.083
0.093	0.724	0.095	0.088
0.080	0.102	0.739	0.079
0.089	0.132	0.083	0.696
0.630	0.147	0.117	0.106
0.733	0.071	0.102	0.094
0.102	0.687	0.114	0.097
0.118	0.124	0.632	0.126
>TGCGCATGCG	11-TGCGCATGCG	7.647331	-81.672719	0	T:271.0(8.17%),B:1578.9(3.50%),P:1e-35	Tpos:99.3,Tstd:56.0,Bpos:87.9,Bstd:61.8,StrandBias:-0.1,Multiplicity:1.16
0.091	0.145	0.094	0.670
0.138	0.045	0.788	0.029
0.062	0.828	0.065	0.045
0.058	0.048	0.864	0.030
0.046	0.876	0.015	0.063
0.819	0.084	0.028	0.069
0.084	0.115	0.095	0.706
0.064	0.041	0.801	0.094
0.046	0.840	0.069	0.045
0.074	0.057	0.812	0.057
>ATTGCACAAB	12-ATTGCACAAB	7.229134	-79.293415	0	T:147.0(4.43%),B:596.9(1.32%),P:1e-34	Tpos:101.9,Tstd:53.3,Bpos:99.8,Bstd:63.1,StrandBias:0.7,Multiplicity:1.04
0.762	0.001	0.236	0.001
0.001	0.001	0.001	0.997
0.001	0.001	0.001	0.997
0.068	0.001	0.930	0.001
0.001	0.997	0.001	0.001
0.625	0.062	0.001	0.312
0.052	0.732	0.001	0.215
0.623	0.322	0.001	0.054
0.997	0.001	0.001	0.001
0.001	0.291	0.321	0.387
>RVTCACGYGA	13-RVTCACGYGA	6.577022	-59.574138	0	T:310.0(9.34%),B:2203.1(4.89%),P:1e-25	Tpos:101.0,Tstd:56.6,Bpos:95.2,Bstd:64.6,StrandBias:-0.1,Multiplicity:1.10
0.392	0.119	0.299	0.190
0.297	0.269	0.302	0.132
0.001	0.208	0.267	0.524
0.001	0.997	0.001	0.001
0.477	0.029	0.171	0.324
0.001	0.706	0.001	0.292
0.073	0.001	0.925	0.001
0.121	0.358	0.024	0.496
0.001	0.001	0.809	0.189
0.556	0.187	0.256	0.001
>TCTGTGGTTT	14-TCTGTGGTTT	8.187705	-58.151335	0	T:116.0(3.50%),B:498.6(1.11%),P:1e-25	Tpos:104.2,Tstd:52.1,Bpos:101.2,Bstd:57.2,StrandBias:-0.0,Multiplicity:1.05
0.011	0.079	0.107	0.803
0.014	0.829	0.001	0.156
0.011	0.018	0.001	0.970
0.025	0.023	0.951	0.001
0.015	0.016	0.017	0.952
0.001	0.001	0.979	0.019
0.001	0.016	0.982	0.001
0.001	0.015	0.001	0.983
0.014	0.001	0.057	0.928
0.068	0.001	0.057	0.874
>SGTGGTTGGT	15-SGTGGTTGGT	9.438179	-41.384277	0	T:56.0(1.69%),B:178.4(0.40%),P:1e-17	Tpos:110.5,Tstd:57.2,Bpos:104.4,Bstd:61.4,StrandBias:0.2,Multiplicity:1.06
0.001	0.413	0.456	0.130
0.001	0.001	0.615	0.383
0.054	0.243	0.001	0.702
0.019	0.001	0.824	0.156
0.001	0.001	0.997	0.001
0.001	0.001	0.001	0.997
0.012	0.001	0.001	0.986
0.342	0.127	0.530	0.001
0.031	0.001	0.967	0.001
0.001	0.199	0.001	0.799
>TTACGTCACT	16-TTACGTCACT	7.362119	-37.194611	0	T:96.0(2.89%),B:491.7(1.09%),P:1e-16	Tpos:102.7,Tstd:53.7,Bpos:93.7,Bstd:61.0,StrandBias:0.6,Multiplicity:1.00
0.156	0.148	0.068	0.628
0.074	0.079	0.001	0.846
0.710	0.076	0.126	0.088
0.064	0.799	0.057	0.080
0.079	0.073	0.774	0.074
0.077	0.104	0.035	0.784
0.080	0.858	0.012	0.050
0.788	0.082	0.032	0.098
0.016	0.916	0.024	0.044
0.036	0.015	0.016	0.933
>TGACACGCAA	17-TGACACGCAA	12.604227	-30.419553	0	T:10.0(0.30%),B:3.1(0.01%),P:1e-13	Tpos:106.1,Tstd:40.9,Bpos:113.6,Bstd:7.3,StrandBias:0.0,Multiplicity:1.00
0.001	0.001	0.001	0.997
0.001	0.001	0.997	0.001
0.997	0.001	0.001	0.001
0.001	0.997	0.001	0.001
0.679	0.001	0.319	0.001
0.001	0.997	0.001	0.001
0.001	0.001	0.997	0.001
0.001	0.997	0.001	0.001
0.912	0.001	0.086	0.001
0.997	0.001	0.001	0.001
>CGATMCTATA	18-CGATMCTATA	9.002057	-30.105326	0	T:26.0(0.78%),B:52.3(0.12%),P:1e-13	Tpos:127.2,Tstd:52.4,Bpos:106.5,Bstd:61.1,StrandBias:0.2,Multiplicity:1.00
0.001	0.842	0.001	0.156
0.001	0.001	0.997	0.001
0.680	0.163	0.156	0.001
0.156	0.156	0.001	0.687
0.486	0.470	0.001	0.043
0.001	0.997	0.001	0.001
0.001	0.001	0.001	0.997
0.669	0.001	0.329	0.001
0.002	0.001	0.171	0.826
0.836	0.156	0.007	0.001
>ATAAACGAYA	19-ATAAACGAYA	9.681812	-30.052069	0	T:18.0(0.54%),B:21.3(0.05%),P:1e-13	Tpos:121.7,Tstd:48.3,Bpos:87.2,Bstd:57.5,StrandBias:-0.3,Multiplicity:1.00
0.543	0.228	0.228	0.001
0.001	0.001	0.001	0.997
0.997	0.001	0.001	0.001
0.771	0.227	0.001	0.001
0.997	0.001	0.001	0.001
0.001	0.997	0.001	0.001
0.001	0.001	0.997	0.001
0.747	0.251	0.001	0.001
0.001	0.313	0.230	0.456
0.771	0.001	0.227	0.001
>TCGGAAGCGT	20-TCGGAAGCGT	13.306998	-26.068467	0	T:8.0(0.24%),B:2.2(0.00%),P:1e-11	Tpos:87.5,Tstd:51.5,Bpos:99.4,Bstd:69.9,StrandBias:0.7,Multiplicity:1.00
0.001	0.072	0.072	0.855
0.001	0.997	0.001	0.001
0.001	0.001	0.997	0.001
0.001	0.001	0.997	0.001
0.997	0.001	0.001	0.001
0.997	0.001	0.001	0.001
0.001	0.001	0.997	0.001
0.001	0.739	0.072	0.188
0.071	0.001	0.927	0.001
0.001	0.001	0.001	0.997
>CGGCATAAGA	21-CGGCATAAGA	11.149128	-25.750599	0	T:14.0(0.42%),B:14.0(0.03%),P:1e-11	Tpos:100.9,Tstd:33.2,Bpos:107.1,Bstd:46.9,StrandBias:0.0,Multiplicity:1.00
0.001	0.997	0.001	0.001
0.246	0.001	0.752	0.001
0.001	0.001	0.997	0.001
0.001	0.722	0.276	0.001
0.997	0.001	0.001	0.001
0.001	0.001	0.001	0.997
0.997	0.001	0.001	0.001
0.997	0.001	0.001	0.001
0.001	0.001	0.997	0.001
0.997	0.001	0.001	0.001
>ATATGTCGMA	22-ATATGTCGMA	10.548850	-15.434748	0	T:9.0(0.27%),B:11.8(0.03%),P:1e-6	Tpos:94.8,Tstd:45.1,Bpos:123.6,Bstd:53.5,StrandBias:1.0,Multiplicity:1.12
0.692	0.001	0.306	0.001
0.001	0.001	0.001	0.997
0.997	0.001	0.001	0.001
0.153	0.001	0.001	0.845
0.001	0.001	0.997	0.001
0.001	0.153	0.001	0.845
0.001	0.997	0.001	0.001
0.001	0.001	0.767	0.231
0.460	0.538	0.001	0.001
0.997	0.001	0.001	0.001
>GAGCATCTGA	23-GAGCATCTGA	10.825112	-7.885860	0	T:8.0(0.24%),B:23.6(0.05%),P:1e-3	Tpos:100.7,Tstd:53.9,Bpos:111.9,Bstd:33.6,StrandBias:3.5,Multiplicity:3.12
0.001	0.001	0.997	0.001
0.997	0.001	0.001	0.001
0.001	0.001	0.997	0.001
0.001	0.997	0.001	0.001
0.997	0.001	0.001	0.001
0.001	0.001	0.001	0.997
0.061	0.937	0.001	0.001
0.001	0.132	0.062	0.805
0.001	0.001	0.997	0.001
0.997	0.001	0.001	0.001
>TCACTATTCC	24-TCACTATTCC	10.296193	-5.679113	0	T:3.0(0.09%),B:4.5(0.01%),P:1e-2	Tpos:93.3,Tstd:62.0,Bpos:111.8,Bstd:77.6,StrandBias:2.3,Multiplicity:3.00
0.100	0.100	0.100	0.700
0.100	0.700	0.100	0.100
0.700	0.100	0.100	0.100
0.100	0.700	0.100	0.100
0.100	0.100	0.100	0.700
0.700	0.100	0.100	0.100
0.100	0.100	0.100	0.700
0.100	0.100	0.100	0.700
0.100	0.700	0.100	0.100
0.100	0.700	0.100	0.100
>ACCGACACGG	25-ACCGACACGG	9.442456	-5.063917	0	T:3.0(0.09%),B:5.1(0.01%),P:1e-2	Tpos:107.1,Tstd:52.1,Bpos:91.1,Bstd:46.9,StrandBias:3.2,Multiplicity:3.33
0.997	0.001	0.001	0.001
0.001	0.887	0.001	0.111
0.001	0.997	0.001	0.001
0.001	0.001	0.997	0.001
0.997	0.001	0.001	0.001
0.001	0.887	0.001	0.111
0.997	0.001	0.001	0.001
0.001	0.997	0.001	0.001
0.001	0.001	0.997	0.001
0.001	0.001	0.997	0.001
>HBNYSATTGGBY	1-HBNYSATTGGBY	7.444566	-819.787400	0	T:907.0(27.34%),B:2495.4(5.54%),P:1e-356	Tpos:100.2,Tstd:51.2,Bpos:81.4,Bstd:65.7,StrandBias:-0.0,Multiplicity:1.45
0.256	0.314	0.137	0.294
0.145	0.327	0.284	0.244
0.217	0.310	0.268	0.205
0.030	0.456	0.126	0.387
0.015	0.305	0.451	0.228
0.979	0.001	0.019	0.001
0.001	0.071	0.001	0.927
0.014	0.001	0.001	0.984
0.001	0.001	0.997	0.001
0.001	0.001	0.997	0.001
0.143	0.339	0.191	0.327
0.030	0.394	0.135	0.440
>RRGGGGCGGGGC	2-RRGGGGCGGGGC	8.623722	-774.250371	0	T:1311.0(39.51%),B:5620.8(12.47%),P:1e-336	Tpos:99.2,Tstd:53.7,Bpos:87.4,Bstd:60.4,StrandBias:0.1,Multiplicity:1.59
0.358	0.183	0.294	0.164
0.323	0.109	0.449	0.119
0.290	0.001	0.498	0.211
0.324	0.001	0.674	0.001
0.001	0.001	0.997	0.001
0.001	0.001	0.997	0.001
0.001	0.934	0.001	0.064
0.001	0.001	0.997	0.001
0.004	0.001	0.850	0.145
0.221	0.001	0.614	0.164
0.177	0.204	0.550	0.069
0.164	0.619	0.001	0.216
>STGACTCABCCC	3-STGACTCABCCC	7.124342	-608.392154	0	T:482.0(14.53%),B:827.1(1.84%),P:1e-264	Tpos:103.1,Tstd:50.8,Bpos:100.8,Bstd:62.4,StrandBias:-0.0,Multiplicity:1.18
0.242	0.326	0.415	0.018
0.001	0.001	0.001	0.997
0.001	0.015	0.981	0.003
0.987	0.003	0.009	0.001
0.008	0.585	0.399	0.008
0.001	0.001	0.001	0.997
0.001	0.997	0.001	0.001
0.985	0.013	0.001	0.001
0.025	0.300	0.330	0.345
0.138	0.438	0.230	0.193
0.206	0.425	0.194	0.176
0.149	0.410	0.190	0.251
>DGGGHGGRGCYD	4-DGGGHGGRGCYD	7.541843	-583.321312	0	T:1587.0(47.83%),B:9537.9(21.16%),P:1e-253	Tpos:98.9,Tstd:54.4,Bpos:97.5,Bstd:56.2,StrandBias:0.2,Multiplicity:1.21
0.301	0.058	0.315	0.325
0.185	0.001	0.805	0.009
0.001	0.001	0.997	0.001
0.001	0.012	0.986	0.001
0.254	0.352	0.001	0.394
0.001	0.001	0.997	0.001
0.001	0.004	0.908	0.087
0.365	0.001	0.444	0.190
0.155	0.001	0.843	0.001
0.122	0.645	0.001	0.232
0.049	0.470	0.152	0.329
0.355	0.087	0.229	0.329
>CNGCCAATCGSS	5-CNGCCAATCGSS	5.804305	-296.595217	0	T:789.0(23.78%),B:4255.3(9.44%),P:1e-128	Tpos:99.9,Tstd:54.4,Bpos:99.4,Bstd:63.8,StrandBias:0.1,Multiplicity:1.13
0.123	0.429	0.251	0.197
0.330	0.231	0.214	0.224
0.036	0.001	0.884	0.079
0.001	0.908	0.041	0.050
0.029	0.890	0.041	0.040
0.913	0.007	0.022	0.058
0.879	0.013	0.070	0.038
0.029	0.047	0.013	0.911
0.065	0.783	0.001	0.151
0.087	0.186	0.699	0.028
0.108	0.423	0.341	0.128
0.190	0.355	0.265	0.191
>RCCAATCAGAGS	6-RCCAATCAGAGS	9.183728	-151.029284	0	T:155.0(4.67%),B:360.2(0.80%),P:1e-65	Tpos:106.5,Tstd:52.0,Bpos:101.8,Bstd:59.9,StrandBias:0.2,Multiplicity:1.02
0.353	0.065	0.392	0.191
0.037	0.887	0.001	0.075
0.037	0.888	0.001	0.074
0.701	0.001	0.001	0.297
0.962	0.001	0.001	0.036
0.001	0.232	0.001	0.766
0.001	0.572	0.188	0.239
0.997	0.001	0.001	0.001
0.001	0.001	0.962	0.036
0.962	0.001	0.001	0.036
0.320	0.075	0.494	0.111
0.111	0.439	0.434	0.016
>ACTACAATTCCC	7-ACTACAATTCCC	9.849142	-143.110560	0	T:172.0(5.18%),B:475.6(1.06%),P:1e-62	Tpos:104.9,Tstd:51.7,Bpos:89.5,Bstd:69.7,StrandBias:-0.1,Multiplicity:1.33
0.966	0.032	0.001	0.001
0.021	0.972	0.001	0.006
0.010	0.141	0.010	0.839
0.823	0.107	0.029	0.041
0.021	0.957	0.001	0.021
0.792	0.056	0.121	0.031
0.603	0.168	0.038	0.191
0.124	0.277	0.131	0.467
0.052	0.140	0.029	0.779
0.018	0.956	0.010	0.016
0.010	0.958	0.001	0.031
0.099	0.890	0.001	0.010
>TAAGACCCGCCT	8-TAAGACCCGCCT	9.065736	-129.907331	0	T:174.0(5.24%),B:535.0(1.19%),P:1e-56	Tpos:107.1,Tstd:55.0,Bpos:102.9,Bstd:59.3,StrandBias:0.3,Multiplicity:1.04
0.092	0.105	0.139	0.664
0.804	0.047	0.079	0.070
0.655	0.069	0.207	0.069
0.092	0.097	0.765	0.046
0.704	0.105	0.144	0.047
0.023	0.917	0.059	0.001
0.001	0.953	0.001	0.045
0.069	0.742	0.143	0.046
0.001	0.001	0.976	0.022
0.001	0.953	0.045	0.001
0.001	0.953	0.001	0.045
0.046	0.138	0.064	0.752
>WBSMTTAGTCAT	9-WBSMTTAGTCAT	8.160536	-102.968650	0	T:121.0(3.65%),B:327.7(0.73%),P:1e-44	Tpos:103.2,Tstd:54.8,Bpos:98.5,Bstd:66.0,StrandBias:-0.5,Multiplicity:1.05
0.265	0.204	0.144	0.387
0.042	0.305	0.325	0.327
0.163	0.347	0.305	0.184
0.431	0.324	0.244	0.001
0.001	0.001	0.001	0.997
0.101	0.001	0.001	0.897
0.939	0.001	0.020	0.040
0.040	0.347	0.612	0.001
0.001	0.001	0.040	0.958
0.001	0.997	0.001	0.001
0.997	0.001	0.001	0.001
0.001	0.325	0.121	0.553
>HSACGTCACNVS	10-HSACGTCACNVS	7.103425	-89.433115	0	T:303.0(9.13%),B:1785.2(3.96%),P:1e-38	Tpos:95.9,Tstd:53.8,Bpos:86.7,Bstd:64.0,StrandBias:0.2,Multiplicity:1.07
0.262	0.311	0.041	0.386
0.060	0.353	0.405	0.182
0.997	0.001	0.001	0.001
0.001	0.997	0.001	0.001
0.001	0.039	0.959	0.001
0.001	0.001	0.001	0.997
0.001	0.748	0.250	0.001
0.997	0.001	0.001	0.001
0.001	0.724	0.195	0.080
0.202	0.343	0.218	0.237
0.265	0.347	0.266	0.122
0.162	0.326	0.430	0.081
>GCGCATGCGCAN	11-GCGCATGCGCAN	8.799107	-76.132363	0	T:276.0(8.32%),B:1679.5(3.73%),P:1e-33	Tpos:99.1,Tstd:56.6,Bpos:87.2,Bstd:60.5,StrandBias:0.0,Multiplicity:1.19
0.145	0.065	0.789	0.001
0.081	0.834	0.022	0.063
0.107	0.053	0.839	0.001
0.029	0.927	0.001	0.043
0.610	0.177	0.140	0.073
0.100	0.105	0.145	0.650
0.001	0.001	0.997	0.001
0.001	0.923	0.016	0.060
0.001	0.011	0.903	0.085
0.008	0.877	0.001	0.114
0.584	0.167	0.136	0.113
0.232	0.300	0.285	0.183
>ATGAATCAYTCA	12-ATGAATCAYTCA	9.649579	-70.697211	0	T:57.0(1.72%),B:99.3(0.22%),P:1e-30	Tpos:119.6,Tstd:51.1,Bpos:93.6,Bstd:58.0,StrandBias:0.4,Multiplicity:1.00
0.598	0.164	0.211	0.027
0.001	0.001	0.001	0.997
0.001	0.001	0.917	0.081
0.917	0.081	0.001	0.001
0.734	0.001	0.001	0.264
0.001	0.001	0.001	0.997
0.001	0.651	0.212	0.136
0.997	0.001	0.001	0.001
0.109	0.358	0.158	0.375
0.212	0.164	0.001	0.623
0.001	0.808	0.136	0.055
0.654	0.137	0.001	0.208
>CGGAAGTGACGT	13-CGGAAGTGACGT	8.927537	-63.582486	0	T:115.0(3.47%),B:459.6(1.02%),P:1e-27	Tpos:97.4,Tstd:57.5,Bpos:88.7,Bstd:56.8,StrandBias:0.2,Multiplicity:1.02
0.140	0.741	0.091	0.028
0.001	0.055	0.943	0.001
0.001	0.028	0.943	0.028
0.762	0.105	0.105	0.028
0.765	0.112	0.074	0.049
0.057	0.001	0.941	0.001
0.001	0.084	0.012	0.903
0.028	0.112	0.804	0.056
0.758	0.157	0.001	0.084
0.028	0.822	0.045	0.105
0.028	0.072	0.799	0.101
0.028	0.148	0.097	0.727
>CATTCCTGTGGT	14-CATTCCTGTGGT	9.151781	-43.137716	0	T:87.0(2.62%),B:379.6(0.84%),P:1e-18	Tpos:102.8,Tstd:51.8,Bpos:101.6,Bstd:55.5,StrandBias:-0.8,Multiplicity:1.01
0.060	0.806	0.099	0.035
0.790	0.089	0.001	0.120
0.020	0.060	0.032	0.888
0.001	0.100	0.065	0.834
0.001	0.864	0.020	0.115
0.039	0.959	0.001	0.001
0.055	0.040	0.060	0.845
0.040	0.060	0.860	0.040
0.061	0.100	0.090	0.749
0.040	0.020	0.865	0.075
0.080	0.094	0.774	0.052
0.080	0.076	0.090	0.754
>GGTGATACTGGA	15-GGTGATACTGGA	13.959171	-43.129934	0	T:12.0(0.36%),B:2.7(0.01%),P:1e-18	Tpos:83.8,Tstd:54.3,Bpos:106.8,Bstd:44.7,StrandBias:0.5,Multiplicity:1.00
0.001	0.001	0.997	0.001
0.001	0.001	0.997	0.001
0.001	0.277	0.001	0.721
0.001	0.001	0.997	0.001
0.997	0.001	0.001	0.001
0.001	0.001	0.001	0.997
0.742	0.256	0.001	0.001
0.001	0.997	0.001	0.001
0.001	0.001	0.001	0.997
0.001	0.001	0.997	0.001
0.001	0.001	0.997	0.001
0.997	0.001	0.001	0.001
>ATAGGCGGAAAG	16-ATAGGCGGAAAG	11.259868	-42.578577	0	T:19.0(0.57%),B:12.8(0.03%),P:1e-18	Tpos:88.6,Tstd:52.4,Bpos:76.2,Bstd:30.3,StrandBias:0.3,Multiplicity:1.00
0.667	0.111	0.221	0.001
0.146	0.038	0.074	0.742
0.854	0.036	0.001	0.109
0.073	0.001	0.890	0.036
0.001	0.001	0.997	0.001
0.073	0.853	0.037	0.037
0.001	0.001	0.852	0.146
0.037	0.001	0.961	0.001
0.889	0.001	0.109	0.001
0.779	0.109	0.111	0.001
0.708	0.036	0.255	0.001
0.073	0.038	0.816	0.073
>TTATYCTGCCCM	17-TTATYCTGCCCM	13.520182	-42.411892	0	T:13.0(0.39%),B:3.2(0.01%),P:1e-18	Tpos:99.3,Tstd:35.6,Bpos:123.0,Bstd:54.6,StrandBias:-1.2,Multiplicity:1.00
0.001	0.001	0.001	0.997
0.001	0.185	0.001	0.813
0.997	0.001	0.001	0.001
0.185	0.001	0.001	0.813
0.001	0.438	0.185	0.375
0.001	0.997	0.001	0.001
0.003	0.001	0.001	0.995
0.001	0.001	0.997	0.001
0.001	0.813	0.185	0.001
0.001	0.997	0.001	0.001
0.185	0.813	0.001	0.001
0.560	0.438	0.001	0.001
>RSTCTCGCGAGA	18-RSTCTCGCGAGA	10.015764	-41.228663	0	T:51.0(1.54%),B:149.1(0.33%),P:1e-17	Tpos:93.1,Tstd:57.6,Bpos:86.8,Bstd:65.3,StrandBias:0.1,Multiplicity:1.08
0.401	0.149	0.363	0.088
0.253	0.335	0.411	0.001
0.058	0.205	0.157	0.580
0.145	0.796	0.058	0.001
0.001	0.057	0.001	0.941
0.001	0.997	0.001	0.001
0.001	0.001	0.997	0.001
0.001	0.997	0.001	0.001
0.001	0.001	0.997	0.001
0.970	0.028	0.001	0.001
0.001	0.029	0.852	0.118
0.534	0.252	0.156	0.058
>ATTGCACAACCC	19-ATTGCACAACCC	9.902301	-36.412509	0	T:31.0(0.93%),B:61.0(0.14%),P:1e-15	Tpos:107.0,Tstd:58.4,Bpos:93.7,Bstd:48.8,StrandBias:0.7,Multiplicity:1.03
0.758	0.066	0.088	0.088
0.044	0.044	0.110	0.802
0.022	0.022	0.066	0.890
0.045	0.088	0.844	0.023
0.022	0.955	0.022	0.001
0.778	0.133	0.044	0.045
0.088	0.868	0.022	0.022
0.934	0.022	0.022	0.022
0.802	0.044	0.088	0.066
0.110	0.736	0.110	0.044
0.088	0.823	0.066	0.023
0.132	0.822	0.001	0.045
>GAAGCGTCCAGG	20-GAAGCGTCCAGG	12.355432	-30.185335	0	T:9.0(0.27%),B:2.7(0.01%),P:1e-13	Tpos:72.9,Tstd:36.1,Bpos:152.5,Bstd:45.8,StrandBias:1.8,Multiplicity:1.00
0.100	0.100	0.700	0.100
0.700	0.100	0.100	0.100
0.700	0.100	0.100	0.100
0.100	0.100	0.700	0.100
0.100	0.700	0.100	0.100
0.100	0.100	0.700	0.100
0.100	0.100	0.100	0.700
0.100	0.700	0.100	0.100
0.100	0.700	0.100	0.100
0.700	0.100	0.100	0.100
0.100	0.100	0.700	0.100
0.100	0.100	0.700	0.100
>GTGAGCATCCGA	21-GTGAGCATCCGA	13.921100	-26.857110	0	T:7.0(0.21%),B:1.9(0.00%),P:1e-11	Tpos:98.2,Tstd:57.4,Bpos:94.8,Bstd:34.1,StrandBias:4.2,Multiplicity:2.86
0.001	0.001	0.997	0.001
0.001	0.296	0.001	0.702
0.001	0.001	0.997	0.001
0.997	0.001	0.001	0.001
0.001	0.001	0.997	0.001
0.001	0.997	0.001	0.001
0.997	0.001	0.001	0.001
0.001	0.001	0.295	0.703
0.295	0.703	0.001	0.001
0.001	0.661	0.031	0.307
0.001	0.001	0.997	0.001
0.703	0.001	0.295	0.001
>CCTCCTCCCTCC	22-CCTCCTCCCTCC	11.872517	-26.617922	0	T:84.0(2.53%),B:484.1(1.07%),P:1e-11	Tpos:100.7,Tstd:55.0,Bpos:97.8,Bstd:53.5,StrandBias:0.3,Multiplicity:1.04
0.222	0.430	0.230	0.119
0.001	0.971	0.001	0.027
0.227	0.199	0.024	0.550
0.002	0.996	0.001	0.001
0.001	0.892	0.106	0.001
0.014	0.031	0.164	0.791
0.001	0.980	0.001	0.018
0.001	0.965	0.001	0.033
0.001	0.629	0.001	0.369
0.001	0.001	0.160	0.838
0.001	0.912	0.086	0.001
0.001	0.957	0.041	0.001
>GCACCGATACGG	23-GCACCGATACGG	13.254937	-19.295136	0	T:7.0(0.21%),B:3.5(0.01%),P:1e-8	Tpos:122.8,Tstd:48.1,Bpos:120.0,Bstd:0.0,StrandBias:0.0,Multiplicity:1.00
0.001	0.001	0.579	0.419
0.001	0.997	0.001	0.001
0.997	0.001	0.001	0.001
0.013	0.985	0.001	0.001
0.001	0.969	0.029	0.001
0.419	0.001	0.579	0.001
0.997	0.001	0.001	0.001
0.001	0.114	0.001	0.884
0.970	0.016	0.001	0.013
0.001	0.579	0.419	0.001
0.001	0.013	0.985	0.001
0.419	0.001	0.579	0.001
>CAGCACKCACAC	24-CAGCACKCACAC	11.108924	-16.712352	0	T:12.0(0.36%),B:20.2(0.04%),P:1e-7	Tpos:97.5,Tstd:54.7,Bpos:84.2,Bstd:56.8,StrandBias:1.1,Multiplicity:1.73
0.104	0.805	0.052	0.039
0.761	0.052	0.093	0.094
0.039	0.026	0.726	0.209
0.106	0.767	0.052	0.075
0.821	0.039	0.049	0.091
0.052	0.817	0.066	0.065
0.052	0.219	0.297	0.431
0.039	0.883	0.026	0.052
0.739	0.091	0.079	0.091
0.078	0.699	0.091	0.132
0.610	0.091	0.198	0.101
0.105	0.768	0.062	0.065
>CACCGACACGGG	25-CACCGACACGGG	14.348687	-4.622190	0	T:2.0(0.06%),B:2.7(0.01%),P:1e-2	Tpos:100.6,Tstd:45.2,Bpos:100.1,Bstd:29.2,StrandBias:10.0,Multiplicity:4.00
0.001	0.997	0.001	0.001
0.997	0.001	0.001	0.001
0.001	0.997	0.001	0.001
0.001	0.997	0.001	0.001
0.001	0.001	0.997	0.001
0.997	0.001	0.001	0.001
0.001	0.997	0.001	0.001
0.893	0.001	0.105	0.001
0.001	0.997	0.001	0.001
0.001	0.001	0.997	0.001
0.001	0.001	0.997	0.001
0.001	0.001	0.997	0.001
>CCAATSRV	1-CCAATSRV	6.633021	-693.915822	0	T:1016.0(30.62%),B:3714.7(8.24%),P:1e-301	Tpos:101.2,Tstd:52.4,Bpos:86.4,Bstd:67.1,StrandBias:0.0,Multiplicity:1.53
0.002	0.974	0.008	0.016
0.014	0.962	0.011	0.013
0.939	0.001	0.001	0.059
0.956	0.001	0.001	0.042
0.001	0.017	0.001	0.981
0.172	0.422	0.388	0.018
0.487	0.093	0.407	0.012
0.215	0.293	0.358	0.134
>TGACTCAT	2-TGACTCAT	6.293387	-583.636717	0	T:574.0(17.30%),B:1320.0(2.93%),P:1e-253	Tpos:103.5,Tstd:52.1,Bpos:99.3,Bstd:64.6,StrandBias:0.0,Multiplicity:1.23
0.001	0.001	0.001	0.997
0.001	0.001	0.987	0.011
0.997	0.001	0.001	0.001
0.016	0.708	0.249	0.027
0.009	0.001	0.011	0.979
0.029	0.969	0.001	0.001
0.997	0.001	0.001	0.001
0.024	0.214	0.206	0.556
>RTKACTMA	3-RTKACTMA	6.792900	-556.548908	0	T:600.0(18.08%),B:1538.9(3.41%),P:1e-241	Tpos:101.6,Tstd:56.9,Bpos:98.9,Bstd:67.7,StrandBias:0.3,Multiplicity:1.07
0.457	0.068	0.450	0.025
0.001	0.001	0.001	0.997
0.001	0.001	0.566	0.432
0.997	0.001	0.001	0.001
0.001	0.632	0.366	0.001
0.001	0.001	0.001	0.997
0.566	0.432	0.001	0.001
0.997	0.001	0.001	0.001
>GCCAATCG	4-GCCAATCG	6.468928	-478.646178	0	T:758.0(22.85%),B:2860.3(6.35%),P:1e-207	Tpos:97.7,Tstd:55.5,Bpos:96.8,Bstd:66.5,StrandBias:0.2,Multiplicity:1.09
0.156	0.001	0.811	0.032
0.001	0.812	0.027	0.160
0.001	0.964	0.001	0.034
0.762	0.001	0.001	0.236
0.997	0.001	0.001	0.001
0.001	0.062	0.001	0.936
0.144	0.537	0.079	0.240
0.151	0.211	0.574	0.064
>GCCCCGCC	5-GCCCCGCC	7.631268	-435.521923	0	T:1391.0(41.92%),B:8825.2(19.58%),P:1e-189	Tpos:98.4,Tstd:55.4,Bpos:93.1,Bstd:63.4,StrandBias:-0.0,Multiplicity:1.63
0.067	0.001	0.931	0.001
0.001	0.838	0.057	0.104
0.038	0.839	0.001	0.122
0.083	0.915	0.001	0.001
0.001	0.997	0.001	0.001
0.053	0.001	0.945	0.001
0.001	0.997	0.001	0.001
0.001	0.997	0.001	0.001
>CCGCCCCT	6-CCGCCCCT	4.260206	-394.766151	0	T:1646.0(49.61%),B:12058.1(26.76%),P:1e-171	Tpos:100.2,Tstd:56.2,Bpos:96.7,Bstd:63.7,StrandBias:-0.0,Multiplicity:1.37
0.056	0.942	0.001	0.001
0.001	0.997	0.001	0.001
0.001	0.001	0.997	0.001
0.001	0.997	0.001	0.001
0.001	0.997	0.001	0.001
0.001	0.898	0.001	0.100
0.087	0.787	0.001	0.125
0.001	0.174	0.001	0.824
>CCAATCRG	7-CCAATCRG	5.806179	-277.585113	0	T:929.0(28.00%),B:5726.5(12.71%),P:1e-120	Tpos:98.5,Tstd:56.9,Bpos:99.3,Bstd:61.2,StrandBias:0.1,Multiplicity:1.09
0.029	0.786	0.086	0.099
0.014	0.875	0.067	0.044
0.893	0.001	0.001	0.105
0.705	0.001	0.208	0.086
0.012	0.166	0.001	0.821
0.001	0.854	0.001	0.144
0.409	0.073	0.409	0.109
0.162	0.202	0.623	0.013
>TRCGTCAC	8-TRCGTCAC	5.194000	-264.003690	0	T:1009.0(30.41%),B:6659.5(14.78%),P:1e-114	Tpos:98.5,Tstd:55.1,Bpos:94.1,Bstd:65.9,StrandBias:-0.1,Multiplicity:1.17
0.045	0.123	0.239	0.593
0.494	0.100	0.353	0.053
0.101	0.897	0.001	0.001
0.100	0.001	0.898	0.001
0.022	0.187	0.001	0.790
0.265	0.503	0.212	0.020
0.696	0.017	0.120	0.167
0.069	0.583	0.186	0.162
>MTMCRCCC	9-MTMCRCCC	7.101115	-188.157274	0	T:1239.0(37.34%),B:10158.4(22.54%),P:1e-81	Tpos:101.8,Tstd:54.2,Bpos:98.9,Bstd:59.8,StrandBias:-0.1,Multiplicity:1.19
0.383	0.418	0.001	0.198
0.384	0.001	0.001	0.614
0.566	0.432	0.001	0.001
0.001	0.997	0.001	0.001
0.364	0.001	0.466	0.169
0.001	0.997	0.001	0.001
0.001	0.997	0.001	0.001
0.001	0.997	0.001	0.001
>CCGGAAGT	10-CCGGAAGT	6.822810	-138.867412	0	T:552.0(16.64%),B:3560.3(7.90%),P:1e-60	Tpos:100.5,Tstd:57.1,Bpos:94.2,Bstd:57.5,StrandBias:0.0,Multiplicity:1.18
0.039	0.823	0.106	0.032
0.039	0.929	0.031	0.001
0.001	0.001	0.997	0.001
0.001	0.001	0.997	0.001
0.981	0.001	0.001	0.017
0.859	0.001	0.001	0.139
0.084	0.037	0.878	0.001
0.133	0.079	0.041	0.747
>TGTAGTYT	11-TGTAGTYT	7.454722	-108.362127	0	T:266.0(8.02%),B:1308.0(2.90%),P:1e-47	Tpos:104.3,Tstd:52.3,Bpos:96.1,Bstd:66.6,StrandBias:-0.1,Multiplicity:1.17
0.055	0.001	0.003	0.941
0.001	0.001	0.997	0.001
0.001	0.001	0.001	0.997
0.872	0.001	0.126	0.001
0.001	0.001	0.997	0.001
0.001	0.001	0.006	0.992
0.059	0.524	0.001	0.416
0.036	0.344	0.066	0.554
>TTRCGCAA	12-TTRCGCAA	6.212995	-95.763994	0	T:327.0(9.86%),B:1936.4(4.30%),P:1e-41	Tpos:101.4,Tstd:56.4,Bpos:101.6,Bstd:63.3,StrandBias:-0.0,Multiplicity:1.07
0.142	0.052	0.001	0.805
0.072	0.025	0.299	0.604
0.466	0.023	0.487	0.024
0.148	0.715	0.001	0.136
0.124	0.002	0.873	0.001
0.048	0.895	0.035	0.022
0.703	0.001	0.121	0.175
0.938	0.001	0.060	0.001
>TAACCAMM	13-TAACCAMM	5.553207	-84.473463	0	T:569.0(17.15%),B:4475.2(9.93%),P:1e-36	Tpos:101.3,Tstd:54.4,Bpos:101.6,Bstd:61.2,StrandBias:0.1,Multiplicity:1.15
0.050	0.231	0.096	0.623
0.700	0.100	0.104	0.096
0.972	0.026	0.001	0.001
0.233	0.546	0.199	0.022
0.052	0.840	0.062	0.046
0.697	0.001	0.122	0.180
0.379	0.433	0.001	0.187
0.476	0.342	0.001	0.181
>CGGATAKA	14-CGGATAKA	5.255844	-78.410526	0	T:339.0(10.22%),B:2239.0(4.97%),P:1e-34	Tpos:97.9,Tstd:55.7,Bpos:96.7,Bstd:63.3,StrandBias:-0.1,Multiplicity:1.02
0.013	0.964	0.001	0.022
0.056	0.093	0.743	0.108
0.001	0.015	0.660	0.324
0.546	0.202	0.141	0.111
0.266	0.111	0.010	0.613
0.540	0.127	0.200	0.133
0.074	0.237	0.272	0.417
0.511	0.125	0.224	0.140
>TTCCTGTT	15-TTCCTGTT	6.631089	-55.878946	0	T:228.0(6.87%),B:1464.7(3.25%),P:1e-24	Tpos:95.9,Tstd:59.4,Bpos:101.2,Bstd:54.7,StrandBias:0.2,Multiplicity:1.02
0.140	0.001	0.001	0.858
0.001	0.001	0.001	0.997
0.001	0.997	0.001	0.001
0.001	0.997	0.001	0.001
0.001	0.001	0.100	0.898
0.001	0.001	0.997	0.001
0.001	0.001	0.001	0.997
0.001	0.159	0.001	0.839
>GGAATGYG	16-GGAATGYG	6.972533	-46.745589	0	T:512.0(15.43%),B:4592.7(10.19%),P:1e-20	Tpos:100.1,Tstd:55.7,Bpos:100.5,Bstd:58.5,StrandBias:0.2,Multiplicity:1.12
0.001	0.001	0.997	0.001
0.001	0.001	0.883	0.115
0.657	0.057	0.266	0.020
0.569	0.001	0.343	0.087
0.001	0.031	0.001	0.967
0.048	0.001	0.950	0.001
0.001	0.424	0.001	0.574
0.224	0.127	0.420	0.228
>CATAGDST	17-CATAGDST	5.478614	-45.679488	0	T:440.0(13.26%),B:3813.8(8.46%),P:1e-19	Tpos:97.2,Tstd:57.1,Bpos:100.4,Bstd:64.7,StrandBias:-0.2,Multiplicity:1.09
0.017	0.672	0.072	0.239
0.568	0.082	0.349	0.001
0.001	0.001	0.001	0.997
0.953	0.001	0.001	0.045
0.067	0.227	0.649	0.057
0.372	0.001	0.364	0.262
0.201	0.407	0.277	0.114
0.001	0.154	0.055	0.790
>TCTCGCGA	18-TCTCGCGA	7.282327	-44.212976	0	T:129.0(3.89%),B:704.8(1.56%),P:1e-19	Tpos:96.6,Tstd:58.5,Bpos:93.5,Bstd:67.5,StrandBias:-0.0,Multiplicity:1.07
0.001	0.001	0.114	0.884
0.147	0.815	0.037	0.001
0.036	0.001	0.051	0.912
0.001	0.905	0.058	0.036
0.001	0.001	0.997	0.001
0.044	0.954	0.001	0.001
0.001	0.001	0.997	0.001
0.997	0.001	0.001	0.001
>GCGCATGC	19-GCGCATGC	7.284104	-42.785910	0	T:452.0(13.62%),B:4011.4(8.90%),P:1e-18	Tpos:97.6,Tstd:56.6,Bpos:93.8,Bstd:65.5,StrandBias:0.1,Multiplicity:1.22
0.096	0.010	0.884	0.010
0.029	0.969	0.001	0.001
0.010	0.001	0.988	0.001
0.019	0.971	0.001	0.009
0.792	0.123	0.029	0.056
0.089	0.040	0.109	0.762
0.032	0.001	0.966	0.001
0.001	0.884	0.011	0.104
>GANTGACR	20-GANTGACR	7.541039	-42.772048	0	T:166.0(5.00%),B:1044.0(2.32%),P:1e-18	Tpos:107.1,Tstd:55.1,Bpos:96.3,Bstd:60.7,StrandBias:-0.1,Multiplicity:1.04
0.098	0.001	0.797	0.104
0.852	0.146	0.001	0.001
0.270	0.178	0.245	0.307
0.001	0.001	0.001	0.997
0.001	0.001	0.845	0.153
0.706	0.001	0.217	0.076
0.001	0.943	0.001	0.055
0.424	0.092	0.415	0.069
>TGCCGGGA	21-TGCCGGGA	5.240645	-34.086213	0	T:371.0(11.18%),B:3311.4(7.35%),P:1e-14	Tpos:99.8,Tstd:56.0,Bpos:98.2,Bstd:58.3,StrandBias:0.0,Multiplicity:1.11
0.001	0.001	0.001	0.997
0.001	0.001	0.799	0.199
0.048	0.947	0.004	0.001
0.001	0.915	0.001	0.083
0.001	0.001	0.997	0.001
0.001	0.001	0.997	0.001
0.001	0.001	0.997	0.001
0.997	0.001	0.001	0.001
>TCAATCRC	22-TCAATCRC	7.408399	-28.662401	0	T:134.0(4.04%),B:918.2(2.04%),P:1e-12	Tpos:99.3,Tstd:56.7,Bpos:96.8,Bstd:62.3,StrandBias:0.1,Multiplicity:1.01
0.006	0.018	0.218	0.758
0.065	0.605	0.246	0.084
0.868	0.001	0.090	0.041
0.908	0.001	0.001	0.090
0.163	0.170	0.001	0.666
0.001	0.997	0.001	0.001
0.537	0.025	0.413	0.025
0.001	0.995	0.001	0.003
>CVTCACAC	23-CVTCACAC	7.862704	-25.327327	0	T:262.0(7.90%),B:2310.8(5.13%),P:1e-10	Tpos:95.8,Tstd:51.4,Bpos:100.9,Bstd:58.8,StrandBias:-0.4,Multiplicity:1.04
0.001	0.997	0.001	0.001
0.287	0.427	0.285	0.001
0.115	0.001	0.001	0.883
0.001	0.997	0.001	0.001
0.852	0.146	0.001	0.001
0.001	0.729	0.001	0.269
0.997	0.001	0.001	0.001
0.001	0.997	0.001	0.001
