>YGATTGGYYG	1-YGATTGGYYG	6.535461	-779.576093	0	T:978.0(29.48%),B:3089.4(6.86%),P:1e-338	Tpos:100.0,Tstd:52.5,Bpos:83.2,Bstd:66.3,StrandBias:-0.1,Multiplicity:1.53
0.018	0.400	0.112	0.470
0.050	0.251	0.603	0.096
0.969	0.001	0.029	0.001
0.014	0.001	0.004	0.981
0.053	0.005	0.005	0.937
0.006	0.001	0.978	0.015
0.003	0.024	0.972	0.001
0.126	0.322	0.120	0.433
0.036	0.477	0.135	0.351
0.291	0.133	0.468	0.108
>GYHCCGCCCH	2-GYHCCGCCCH	6.925829	-741.429500	0	T:1338.0(40.33%),B:6035.7(13.39%),P:1e-321	Tpos:99.3,Tstd:54.4,Bpos:89.0,Bstd:62.0,StrandBias:-0.0,Multiplicity:1.64
0.292	0.035	0.477	0.197
0.068	0.375	0.145	0.413
0.286	0.348	0.030	0.336
0.328	0.533	0.063	0.076
0.085	0.798	0.087	0.030
0.182	0.030	0.754	0.034
0.076	0.825	0.040	0.059
0.037	0.802	0.059	0.102
0.048	0.557	0.024	0.371
0.331	0.370	0.016	0.283
>KVTGASTCAY	3-KVTGASTCAY	7.479507	-655.417560	0	T:586.0(17.66%),B:1200.8(2.66%),P:1e-284	Tpos:102.7,Tstd:51.7,Bpos:99.8,Bstd:64.1,StrandBias:-0.0,Multiplicity:1.21
0.197	0.163	0.267	0.373
0.375	0.240	0.283	0.102
0.001	0.001	0.001	0.997
0.001	0.001	0.674	0.324
0.997	0.001	0.001	0.001
0.105	0.431	0.432	0.032
0.001	0.001	0.001	0.997
0.325	0.673	0.001	0.001
0.997	0.001	0.001	0.001
0.125	0.295	0.179	0.401
>CCCGCCCHYT	4-CCCGCCCHYT	7.408004	-598.679757	0	T:1443.0(43.49%),B:7958.2(17.66%),P:1e-260	Tpos:99.8,Tstd:55.4,Bpos:96.3,Bstd:59.8,StrandBias:0.1,Multiplicity:1.23
0.153	0.555	0.040	0.252
0.196	0.748	0.001	0.055
0.052	0.922	0.025	0.001
0.182	0.001	0.717	0.100
0.001	0.989	0.001	0.009
0.001	0.997	0.001	0.001
0.003	0.600	0.001	0.396
0.308	0.321	0.001	0.370
0.119	0.461	0.001	0.420
0.206	0.194	0.141	0.460
>TGADTCACNV	5-TGADTCACNV	6.925744	-359.267461	0	T:326.0(9.83%),B:659.6(1.46%),P:1e-156	Tpos:106.2,Tstd:54.5,Bpos:95.7,Bstd:63.1,StrandBias:0.1,Multiplicity:1.09
0.001	0.062	0.001	0.936
0.152	0.116	0.654	0.078
0.591	0.207	0.001	0.201
0.386	0.005	0.331	0.278
0.046	0.002	0.099	0.853
0.226	0.552	0.212	0.010
0.832	0.001	0.166	0.001
0.072	0.476	0.196	0.257
0.211	0.309	0.219	0.262
0.323	0.366	0.230	0.080
>CKATTGGCTG	6-CKATTGGCTG	8.297064	-282.909778	0	T:341.0(10.28%),B:955.1(2.12%),P:1e-122	Tpos:92.3,Tstd:50.2,Bpos:95.9,Bstd:60.7,StrandBias:0.3,Multiplicity:1.08
0.066	0.705	0.020	0.209
0.096	0.211	0.402	0.292
0.840	0.001	0.158	0.001
0.067	0.057	0.001	0.875
0.137	0.001	0.001	0.861
0.001	0.001	0.997	0.001
0.060	0.001	0.938	0.001
0.001	0.997	0.001	0.001
0.296	0.001	0.033	0.670
0.001	0.129	0.695	0.175
>AYTTCCGGYH	7-AYTTCCGGYH	6.953689	-175.767141	0	T:620.0(18.69%),B:3807.2(8.45%),P:1e-76	Tpos:103.2,Tstd:56.4,Bpos:95.0,Bstd:57.3,StrandBias:0.1,Multiplicity:1.16
0.493	0.184	0.118	0.204
0.001	0.476	0.099	0.424
0.233	0.019	0.001	0.747
0.001	0.001	0.046	0.952
0.001	0.997	0.001	0.001
0.001	0.997	0.001	0.001
0.001	0.001	0.807	0.191
0.055	0.246	0.693	0.006
0.152	0.301	0.154	0.393
0.217	0.328	0.153	0.303
>ACTACAAYTC	8-ACTACAAYTC	8.442168	-133.501947	0	T:181.0(5.46%),B:563.0(1.25%),P:1e-57	Tpos:105.0,Tstd:52.9,Bpos:95.5,Bstd:71.6,StrandBias:-0.1,Multiplicity:1.25
0.997	0.001	0.001	0.001
0.001	0.974	0.024	0.001
0.124	0.170	0.001	0.705
0.975	0.001	0.023	0.001
0.001	0.997	0.001	0.001
0.641	0.131	0.179	0.049
0.533	0.192	0.114	0.161
0.141	0.273	0.198	0.388
0.094	0.161	0.025	0.720
0.014	0.984	0.001	0.001
>TGGGTGGAGC	9-TGGGTGGAGC	8.055296	-115.633416	0	T:393.0(11.84%),B:2330.4(5.17%),P:1e-50	Tpos:96.2,Tstd:53.7,Bpos:96.0,Bstd:55.3,StrandBias:0.2,Multiplicity:1.11
0.067	0.001	0.078	0.854
0.141	0.013	0.830	0.016
0.033	0.010	0.943	0.014
0.001	0.001	0.997	0.001
0.185	0.001	0.001	0.813
0.001	0.019	0.970	0.010
0.001	0.001	0.997	0.001
0.825	0.008	0.134	0.033
0.005	0.001	0.993	0.001
0.026	0.769	0.016	0.189
>TGACGTAACG	10-TGACGTAACG	4.789516	-99.669065	0	T:689.0(20.77%),B:5502.5(12.21%),P:1e-43	Tpos:100.6,Tstd:53.4,Bpos:93.9,Bstd:64.6,StrandBias:0.1,Multiplicity:1.15
0.083	0.109	0.111	0.697
0.064	0.105	0.737	0.094
0.726	0.077	0.114	0.083
0.093	0.724	0.095	0.088
0.080	0.102	0.739	0.079
0.089	0.132	0.083	0.696
0.630	0.147	0.117	0.106
0.733	0.071	0.102	0.094
0.102	0.687	0.114	0.097
0.118	0.124	0.632	0.126
>TGCGCATGCG	11-TGCGCATGCG	7.647331	-81.672719	0	T:271.0(8.17%),B:1578.9(3.50%),P:1e-35	Tpos:99.3,Tstd:56.0,Bpos:87.9,Bstd:61.8,StrandBias:-0.1,Multiplicity:1.16
0.091	0.145	0.094	0.670
0.138	0.045	0.788	0.029
0.062	0.828	0.065	0.045
0.058	0.048	0.864	0.030
0.046	0.876	0.015	0.063
0.819	0.084	0.028	0.069
0.084	0.115	0.095	0.706
0.064	0.041	0.801	0.094
0.046	0.840	0.069	0.045
0.074	0.057	0.812	0.057
>ATTGCACAAB	12-ATTGCACAAB	7.229134	-79.293415	0	T:147.0(4.43%),B:596.9(1.32%),P:1e-34	Tpos:101.9,Tstd:53.3,Bpos:99.8,Bstd:63.1,StrandBias:0.7,Multiplicity:1.04
0.762	0.001	0.236	0.001
0.001	0.001	0.001	0.997
0.001	0.001	0.001	0.997
0.068	0.001	0.930	0.001
0.001	0.997	0.001	0.001
0.625	0.062	0.001	0.312
0.052	0.732	0.001	0.215
0.623	0.322	0.001	0.054
0.997	0.001	0.001	0.001
0.001	0.291	0.321	0.387
>RVTCACGYGA	13-RVTCACGYGA	6.577022	-59.574138	0	T:310.0(9.34%),B:2203.1(4.89%),P:1e-25	Tpos:101.0,Tstd:56.6,Bpos:95.2,Bstd:64.6,StrandBias:-0.1,Multiplicity:1.10
0.392	0.119	0.299	0.190
0.297	0.269	0.302	0.132
0.001	0.208	0.267	0.524
0.001	0.997	0.001	0.001
0.477	0.029	0.171	0.324
0.001	0.706	0.001	0.292
0.073	0.001	0.925	0.001
0.121	0.358	0.024	0.496
0.001	0.001	0.809	0.189
0.556	0.187	0.256	0.001
>TCTGTGGTTT	14-TCTGTGGTTT	8.187705	-58.151335	0	T:116.0(3.50%),B:498.6(1.11%),P:1e-25	Tpos:104.2,Tstd:52.1,Bpos:101.2,Bstd:57.2,StrandBias:-0.0,Multiplicity:1.05
0.011	0.079	0.107	0.803
0.014	0.829	0.001	0.156
0.011	0.018	0.001	0.970
0.025	0.023	0.951	0.001
0.015	0.016	0.017	0.952
0.001	0.001	0.979	0.019
0.001	0.016	0.982	0.001
0.001	0.015	0.001	0.983
0.014	0.001	0.057	0.928
0.068	0.001	0.057	0.874
>SGTGGTTGGT	15-SGTGGTTGGT	9.438179	-41.384277	0	T:56.0(1.69%),B:178.4(0.40%),P:1e-17	Tpos:110.5,Tstd:57.2,Bpos:104.4,Bstd:61.4,StrandBias:0.2,Multiplicity:1.06
0.001	0.413	0.456	0.130
0.001	0.001	0.615	0.383
0.054	0.243	0.001	0.702
0.019	0.001	0.824	0.156
0.001	0.001	0.997	0.001
0.001	0.001	0.001	0.997
0.012	0.001	0.001	0.986
0.342	0.127	0.530	0.001
0.031	0.001	0.967	0.001
0.001	0.199	0.001	0.799
>TTACGTCACT	16-TTACGTCACT	7.362119	-37.194611	0	T:96.0(2.89%),B:491.7(1.09%),P:1e-16	Tpos:102.7,Tstd:53.7,Bpos:93.7,Bstd:61.0,StrandBias:0.6,Multiplicity:1.00
0.156	0.148	0.068	0.628
0.074	0.079	0.001	0.846
0.710	0.076	0.126	0.088
0.064	0.799	0.057	0.080
0.079	0.073	0.774	0.074
0.077	0.104	0.035	0.784
0.080	0.858	0.012	0.050
0.788	0.082	0.032	0.098
0.016	0.916	0.024	0.044
0.036	0.015	0.016	0.933
>TGACACGCAA	17-TGACACGCAA	12.604227	-30.419553	0	T:10.0(0.30%),B:3.1(0.01%),P:1e-13	Tpos:106.1,Tstd:40.9,Bpos:113.6,Bstd:7.3,StrandBias:0.0,Multiplicity:1.00
0.001	0.001	0.001	0.997
0.001	0.001	0.997	0.001
0.997	0.001	0.001	0.001
0.001	0.997	0.001	0.001
0.679	0.001	0.319	0.001
0.001	0.997	0.001	0.001
0.001	0.001	0.997	0.001
0.001	0.997	0.001	0.001
0.912	0.001	0.086	0.001
0.997	0.001	0.001	0.001
>CGATMCTATA	18-CGATMCTATA	9.002057	-30.105326	0	T:26.0(0.78%),B:52.3(0.12%),P:1e-13	Tpos:127.2,Tstd:52.4,Bpos:106.5,Bstd:61.1,StrandBias:0.2,Multiplicity:1.00
0.001	0.842	0.001	0.156
0.001	0.001	0.997	0.001
0.680	0.163	0.156	0.001
0.156	0.156	0.001	0.687
0.486	0.470	0.001	0.043
0.001	0.997	0.001	0.001
0.001	0.001	0.001	0.997
0.669	0.001	0.329	0.001
0.002	0.001	0.171	0.826
0.836	0.156	0.007	0.001
>ATAAACGAYA	19-ATAAACGAYA	9.681812	-30.052069	0	T:18.0(0.54%),B:21.3(0.05%),P:1e-13	Tpos:121.7,Tstd:48.3,Bpos:87.2,Bstd:57.5,StrandBias:-0.3,Multiplicity:1.00
0.543	0.228	0.228	0.001
0.001	0.001	0.001	0.997
0.997	0.001	0.001	0.001
0.771	0.227	0.001	0.001
0.997	0.001	0.001	0.001
0.001	0.997	0.001	0.001
0.001	0.001	0.997	0.001
0.747	0.251	0.001	0.001
0.001	0.313	0.230	0.456
0.771	0.001	0.227	0.001
>TCGGAAGCGT	20-TCGGAAGCGT	13.306998	-26.068467	0	T:8.0(0.24%),B:2.2(0.00%),P:1e-11	Tpos:87.5,Tstd:51.5,Bpos:99.4,Bstd:69.9,StrandBias:0.7,Multiplicity:1.00
0.001	0.072	0.072	0.855
0.001	0.997	0.001	0.001
0.001	0.001	0.997	0.001
0.001	0.001	0.997	0.001
0.997	0.001	0.001	0.001
0.997	0.001	0.001	0.001
0.001	0.001	0.997	0.001
0.001	0.739	0.072	0.188
0.071	0.001	0.927	0.001
0.001	0.001	0.001	0.997
>CGGCATAAGA	21-CGGCATAAGA	11.149128	-25.750599	0	T:14.0(0.42%),B:14.0(0.03%),P:1e-11	Tpos:100.9,Tstd:33.2,Bpos:107.1,Bstd:46.9,StrandBias:0.0,Multiplicity:1.00
0.001	0.997	0.001	0.001
0.246	0.001	0.752	0.001
0.001	0.001	0.997	0.001
0.001	0.722	0.276	0.001
0.997	0.001	0.001	0.001
0.001	0.001	0.001	0.997
0.997	0.001	0.001	0.001
0.997	0.001	0.001	0.001
0.001	0.001	0.997	0.001
0.997	0.001	0.001	0.001
>ATATGTCGMA	22-ATATGTCGMA	10.548850	-15.434748	0	T:9.0(0.27%),B:11.8(0.03%),P:1e-6	Tpos:94.8,Tstd:45.1,Bpos:123.6,Bstd:53.5,StrandBias:1.0,Multiplicity:1.12
0.692	0.001	0.306	0.001
0.001	0.001	0.001	0.997
0.997	0.001	0.001	0.001
0.153	0.001	0.001	0.845
0.001	0.001	0.997	0.001
0.001	0.153	0.001	0.845
0.001	0.997	0.001	0.001
0.001	0.001	0.767	0.231
0.460	0.538	0.001	0.001
0.997	0.001	0.001	0.001
>GAGCATCTGA	23-GAGCATCTGA	10.825112	-7.885860	0	T:8.0(0.24%),B:23.6(0.05%),P:1e-3	Tpos:100.7,Tstd:53.9,Bpos:111.9,Bstd:33.6,StrandBias:3.5,Multiplicity:3.12
0.001	0.001	0.997	0.001
0.997	0.001	0.001	0.001
0.001	0.001	0.997	0.001
0.001	0.997	0.001	0.001
0.997	0.001	0.001	0.001
0.001	0.001	0.001	0.997
0.061	0.937	0.001	0.001
0.001	0.132	0.062	0.805
0.001	0.001	0.997	0.001
0.997	0.001	0.001	0.001
>TCACTATTCC	24-TCACTATTCC	10.296193	-5.679113	0	T:3.0(0.09%),B:4.5(0.01%),P:1e-2	Tpos:93.3,Tstd:62.0,Bpos:111.8,Bstd:77.6,StrandBias:2.3,Multiplicity:3.00
0.100	0.100	0.100	0.700
0.100	0.700	0.100	0.100
0.700	0.100	0.100	0.100
0.100	0.700	0.100	0.100
0.100	0.100	0.100	0.700
0.700	0.100	0.100	0.100
0.100	0.100	0.100	0.700
0.100	0.100	0.100	0.700
0.100	0.700	0.100	0.100
0.100	0.700	0.100	0.100
>ACCGACACGG	25-ACCGACACGG	9.442456	-5.063917	0	T:3.0(0.09%),B:5.1(0.01%),P:1e-2	Tpos:107.1,Tstd:52.1,Bpos:91.1,Bstd:46.9,StrandBias:3.2,Multiplicity:3.33
0.997	0.001	0.001	0.001
0.001	0.887	0.001	0.111
0.001	0.997	0.001	0.001
0.001	0.001	0.997	0.001
0.997	0.001	0.001	0.001
0.001	0.887	0.001	0.111
0.997	0.001	0.001	0.001
0.001	0.997	0.001	0.001
0.001	0.001	0.997	0.001
0.001	0.001	0.997	0.001
