>HBNYSATTGGBY	1-HBNYSATTGGBY	7.444566	-819.787400	0	T:907.0(27.34%),B:2495.4(5.54%),P:1e-356	Tpos:100.2,Tstd:51.2,Bpos:81.4,Bstd:65.7,StrandBias:-0.0,Multiplicity:1.45
0.256	0.314	0.137	0.294
0.145	0.327	0.284	0.244
0.217	0.310	0.268	0.205
0.030	0.456	0.126	0.387
0.015	0.305	0.451	0.228
0.979	0.001	0.019	0.001
0.001	0.071	0.001	0.927
0.014	0.001	0.001	0.984
0.001	0.001	0.997	0.001
0.001	0.001	0.997	0.001
0.143	0.339	0.191	0.327
0.030	0.394	0.135	0.440
>RRGGGGCGGGGC	2-RRGGGGCGGGGC	8.623722	-774.250371	0	T:1311.0(39.51%),B:5620.8(12.47%),P:1e-336	Tpos:99.2,Tstd:53.7,Bpos:87.4,Bstd:60.4,StrandBias:0.1,Multiplicity:1.59
0.358	0.183	0.294	0.164
0.323	0.109	0.449	0.119
0.290	0.001	0.498	0.211
0.324	0.001	0.674	0.001
0.001	0.001	0.997	0.001
0.001	0.001	0.997	0.001
0.001	0.934	0.001	0.064
0.001	0.001	0.997	0.001
0.004	0.001	0.850	0.145
0.221	0.001	0.614	0.164
0.177	0.204	0.550	0.069
0.164	0.619	0.001	0.216
>STGACTCABCCC	3-STGACTCABCCC	7.124342	-608.392154	0	T:482.0(14.53%),B:827.1(1.84%),P:1e-264	Tpos:103.1,Tstd:50.8,Bpos:100.8,Bstd:62.4,StrandBias:-0.0,Multiplicity:1.18
0.242	0.326	0.415	0.018
0.001	0.001	0.001	0.997
0.001	0.015	0.981	0.003
0.987	0.003	0.009	0.001
0.008	0.585	0.399	0.008
0.001	0.001	0.001	0.997
0.001	0.997	0.001	0.001
0.985	0.013	0.001	0.001
0.025	0.300	0.330	0.345
0.138	0.438	0.230	0.193
0.206	0.425	0.194	0.176
0.149	0.410	0.190	0.251
>DGGGHGGRGCYD	4-DGGGHGGRGCYD	7.541843	-583.321312	0	T:1587.0(47.83%),B:9537.9(21.16%),P:1e-253	Tpos:98.9,Tstd:54.4,Bpos:97.5,Bstd:56.2,StrandBias:0.2,Multiplicity:1.21
0.301	0.058	0.315	0.325
0.185	0.001	0.805	0.009
0.001	0.001	0.997	0.001
0.001	0.012	0.986	0.001
0.254	0.352	0.001	0.394
0.001	0.001	0.997	0.001
0.001	0.004	0.908	0.087
0.365	0.001	0.444	0.190
0.155	0.001	0.843	0.001
0.122	0.645	0.001	0.232
0.049	0.470	0.152	0.329
0.355	0.087	0.229	0.329
>CNGCCAATCGSS	5-CNGCCAATCGSS	5.804305	-296.595217	0	T:789.0(23.78%),B:4255.3(9.44%),P:1e-128	Tpos:99.9,Tstd:54.4,Bpos:99.4,Bstd:63.8,StrandBias:0.1,Multiplicity:1.13
0.123	0.429	0.251	0.197
0.330	0.231	0.214	0.224
0.036	0.001	0.884	0.079
0.001	0.908	0.041	0.050
0.029	0.890	0.041	0.040
0.913	0.007	0.022	0.058
0.879	0.013	0.070	0.038
0.029	0.047	0.013	0.911
0.065	0.783	0.001	0.151
0.087	0.186	0.699	0.028
0.108	0.423	0.341	0.128
0.190	0.355	0.265	0.191
>RCCAATCAGAGS	6-RCCAATCAGAGS	9.183728	-151.029284	0	T:155.0(4.67%),B:360.2(0.80%),P:1e-65	Tpos:106.5,Tstd:52.0,Bpos:101.8,Bstd:59.9,StrandBias:0.2,Multiplicity:1.02
0.353	0.065	0.392	0.191
0.037	0.887	0.001	0.075
0.037	0.888	0.001	0.074
0.701	0.001	0.001	0.297
0.962	0.001	0.001	0.036
0.001	0.232	0.001	0.766
0.001	0.572	0.188	0.239
0.997	0.001	0.001	0.001
0.001	0.001	0.962	0.036
0.962	0.001	0.001	0.036
0.320	0.075	0.494	0.111
0.111	0.439	0.434	0.016
>ACTACAATTCCC	7-ACTACAATTCCC	9.849142	-143.110560	0	T:172.0(5.18%),B:475.6(1.06%),P:1e-62	Tpos:104.9,Tstd:51.7,Bpos:89.5,Bstd:69.7,StrandBias:-0.1,Multiplicity:1.33
0.966	0.032	0.001	0.001
0.021	0.972	0.001	0.006
0.010	0.141	0.010	0.839
0.823	0.107	0.029	0.041
0.021	0.957	0.001	0.021
0.792	0.056	0.121	0.031
0.603	0.168	0.038	0.191
0.124	0.277	0.131	0.467
0.052	0.140	0.029	0.779
0.018	0.956	0.010	0.016
0.010	0.958	0.001	0.031
0.099	0.890	0.001	0.010
>TAAGACCCGCCT	8-TAAGACCCGCCT	9.065736	-129.907331	0	T:174.0(5.24%),B:535.0(1.19%),P:1e-56	Tpos:107.1,Tstd:55.0,Bpos:102.9,Bstd:59.3,StrandBias:0.3,Multiplicity:1.04
0.092	0.105	0.139	0.664
0.804	0.047	0.079	0.070
0.655	0.069	0.207	0.069
0.092	0.097	0.765	0.046
0.704	0.105	0.144	0.047
0.023	0.917	0.059	0.001
0.001	0.953	0.001	0.045
0.069	0.742	0.143	0.046
0.001	0.001	0.976	0.022
0.001	0.953	0.045	0.001
0.001	0.953	0.001	0.045
0.046	0.138	0.064	0.752
>WBSMTTAGTCAT	9-WBSMTTAGTCAT	8.160536	-102.968650	0	T:121.0(3.65%),B:327.7(0.73%),P:1e-44	Tpos:103.2,Tstd:54.8,Bpos:98.5,Bstd:66.0,StrandBias:-0.5,Multiplicity:1.05
0.265	0.204	0.144	0.387
0.042	0.305	0.325	0.327
0.163	0.347	0.305	0.184
0.431	0.324	0.244	0.001
0.001	0.001	0.001	0.997
0.101	0.001	0.001	0.897
0.939	0.001	0.020	0.040
0.040	0.347	0.612	0.001
0.001	0.001	0.040	0.958
0.001	0.997	0.001	0.001
0.997	0.001	0.001	0.001
0.001	0.325	0.121	0.553
>HSACGTCACNVS	10-HSACGTCACNVS	7.103425	-89.433115	0	T:303.0(9.13%),B:1785.2(3.96%),P:1e-38	Tpos:95.9,Tstd:53.8,Bpos:86.7,Bstd:64.0,StrandBias:0.2,Multiplicity:1.07
0.262	0.311	0.041	0.386
0.060	0.353	0.405	0.182
0.997	0.001	0.001	0.001
0.001	0.997	0.001	0.001
0.001	0.039	0.959	0.001
0.001	0.001	0.001	0.997
0.001	0.748	0.250	0.001
0.997	0.001	0.001	0.001
0.001	0.724	0.195	0.080
0.202	0.343	0.218	0.237
0.265	0.347	0.266	0.122
0.162	0.326	0.430	0.081
>GCGCATGCGCAN	11-GCGCATGCGCAN	8.799107	-76.132363	0	T:276.0(8.32%),B:1679.5(3.73%),P:1e-33	Tpos:99.1,Tstd:56.6,Bpos:87.2,Bstd:60.5,StrandBias:0.0,Multiplicity:1.19
0.145	0.065	0.789	0.001
0.081	0.834	0.022	0.063
0.107	0.053	0.839	0.001
0.029	0.927	0.001	0.043
0.610	0.177	0.140	0.073
0.100	0.105	0.145	0.650
0.001	0.001	0.997	0.001
0.001	0.923	0.016	0.060
0.001	0.011	0.903	0.085
0.008	0.877	0.001	0.114
0.584	0.167	0.136	0.113
0.232	0.300	0.285	0.183
>ATGAATCAYTCA	12-ATGAATCAYTCA	9.649579	-70.697211	0	T:57.0(1.72%),B:99.3(0.22%),P:1e-30	Tpos:119.6,Tstd:51.1,Bpos:93.6,Bstd:58.0,StrandBias:0.4,Multiplicity:1.00
0.598	0.164	0.211	0.027
0.001	0.001	0.001	0.997
0.001	0.001	0.917	0.081
0.917	0.081	0.001	0.001
0.734	0.001	0.001	0.264
0.001	0.001	0.001	0.997
0.001	0.651	0.212	0.136
0.997	0.001	0.001	0.001
0.109	0.358	0.158	0.375
0.212	0.164	0.001	0.623
0.001	0.808	0.136	0.055
0.654	0.137	0.001	0.208
>CGGAAGTGACGT	13-CGGAAGTGACGT	8.927537	-63.582486	0	T:115.0(3.47%),B:459.6(1.02%),P:1e-27	Tpos:97.4,Tstd:57.5,Bpos:88.7,Bstd:56.8,StrandBias:0.2,Multiplicity:1.02
0.140	0.741	0.091	0.028
0.001	0.055	0.943	0.001
0.001	0.028	0.943	0.028
0.762	0.105	0.105	0.028
0.765	0.112	0.074	0.049
0.057	0.001	0.941	0.001
0.001	0.084	0.012	0.903
0.028	0.112	0.804	0.056
0.758	0.157	0.001	0.084
0.028	0.822	0.045	0.105
0.028	0.072	0.799	0.101
0.028	0.148	0.097	0.727
>CATTCCTGTGGT	14-CATTCCTGTGGT	9.151781	-43.137716	0	T:87.0(2.62%),B:379.6(0.84%),P:1e-18	Tpos:102.8,Tstd:51.8,Bpos:101.6,Bstd:55.5,StrandBias:-0.8,Multiplicity:1.01
0.060	0.806	0.099	0.035
0.790	0.089	0.001	0.120
0.020	0.060	0.032	0.888
0.001	0.100	0.065	0.834
0.001	0.864	0.020	0.115
0.039	0.959	0.001	0.001
0.055	0.040	0.060	0.845
0.040	0.060	0.860	0.040
0.061	0.100	0.090	0.749
0.040	0.020	0.865	0.075
0.080	0.094	0.774	0.052
0.080	0.076	0.090	0.754
>GGTGATACTGGA	15-GGTGATACTGGA	13.959171	-43.129934	0	T:12.0(0.36%),B:2.7(0.01%),P:1e-18	Tpos:83.8,Tstd:54.3,Bpos:106.8,Bstd:44.7,StrandBias:0.5,Multiplicity:1.00
0.001	0.001	0.997	0.001
0.001	0.001	0.997	0.001
0.001	0.277	0.001	0.721
0.001	0.001	0.997	0.001
0.997	0.001	0.001	0.001
0.001	0.001	0.001	0.997
0.742	0.256	0.001	0.001
0.001	0.997	0.001	0.001
0.001	0.001	0.001	0.997
0.001	0.001	0.997	0.001
0.001	0.001	0.997	0.001
0.997	0.001	0.001	0.001
>ATAGGCGGAAAG	16-ATAGGCGGAAAG	11.259868	-42.578577	0	T:19.0(0.57%),B:12.8(0.03%),P:1e-18	Tpos:88.6,Tstd:52.4,Bpos:76.2,Bstd:30.3,StrandBias:0.3,Multiplicity:1.00
0.667	0.111	0.221	0.001
0.146	0.038	0.074	0.742
0.854	0.036	0.001	0.109
0.073	0.001	0.890	0.036
0.001	0.001	0.997	0.001
0.073	0.853	0.037	0.037
0.001	0.001	0.852	0.146
0.037	0.001	0.961	0.001
0.889	0.001	0.109	0.001
0.779	0.109	0.111	0.001
0.708	0.036	0.255	0.001
0.073	0.038	0.816	0.073
>TTATYCTGCCCM	17-TTATYCTGCCCM	13.520182	-42.411892	0	T:13.0(0.39%),B:3.2(0.01%),P:1e-18	Tpos:99.3,Tstd:35.6,Bpos:123.0,Bstd:54.6,StrandBias:-1.2,Multiplicity:1.00
0.001	0.001	0.001	0.997
0.001	0.185	0.001	0.813
0.997	0.001	0.001	0.001
0.185	0.001	0.001	0.813
0.001	0.438	0.185	0.375
0.001	0.997	0.001	0.001
0.003	0.001	0.001	0.995
0.001	0.001	0.997	0.001
0.001	0.813	0.185	0.001
0.001	0.997	0.001	0.001
0.185	0.813	0.001	0.001
0.560	0.438	0.001	0.001
>RSTCTCGCGAGA	18-RSTCTCGCGAGA	10.015764	-41.228663	0	T:51.0(1.54%),B:149.1(0.33%),P:1e-17	Tpos:93.1,Tstd:57.6,Bpos:86.8,Bstd:65.3,StrandBias:0.1,Multiplicity:1.08
0.401	0.149	0.363	0.088
0.253	0.335	0.411	0.001
0.058	0.205	0.157	0.580
0.145	0.796	0.058	0.001
0.001	0.057	0.001	0.941
0.001	0.997	0.001	0.001
0.001	0.001	0.997	0.001
0.001	0.997	0.001	0.001
0.001	0.001	0.997	0.001
0.970	0.028	0.001	0.001
0.001	0.029	0.852	0.118
0.534	0.252	0.156	0.058
>ATTGCACAACCC	19-ATTGCACAACCC	9.902301	-36.412509	0	T:31.0(0.93%),B:61.0(0.14%),P:1e-15	Tpos:107.0,Tstd:58.4,Bpos:93.7,Bstd:48.8,StrandBias:0.7,Multiplicity:1.03
0.758	0.066	0.088	0.088
0.044	0.044	0.110	0.802
0.022	0.022	0.066	0.890
0.045	0.088	0.844	0.023
0.022	0.955	0.022	0.001
0.778	0.133	0.044	0.045
0.088	0.868	0.022	0.022
0.934	0.022	0.022	0.022
0.802	0.044	0.088	0.066
0.110	0.736	0.110	0.044
0.088	0.823	0.066	0.023
0.132	0.822	0.001	0.045
>GAAGCGTCCAGG	20-GAAGCGTCCAGG	12.355432	-30.185335	0	T:9.0(0.27%),B:2.7(0.01%),P:1e-13	Tpos:72.9,Tstd:36.1,Bpos:152.5,Bstd:45.8,StrandBias:1.8,Multiplicity:1.00
0.100	0.100	0.700	0.100
0.700	0.100	0.100	0.100
0.700	0.100	0.100	0.100
0.100	0.100	0.700	0.100
0.100	0.700	0.100	0.100
0.100	0.100	0.700	0.100
0.100	0.100	0.100	0.700
0.100	0.700	0.100	0.100
0.100	0.700	0.100	0.100
0.700	0.100	0.100	0.100
0.100	0.100	0.700	0.100
0.100	0.100	0.700	0.100
>GTGAGCATCCGA	21-GTGAGCATCCGA	13.921100	-26.857110	0	T:7.0(0.21%),B:1.9(0.00%),P:1e-11	Tpos:98.2,Tstd:57.4,Bpos:94.8,Bstd:34.1,StrandBias:4.2,Multiplicity:2.86
0.001	0.001	0.997	0.001
0.001	0.296	0.001	0.702
0.001	0.001	0.997	0.001
0.997	0.001	0.001	0.001
0.001	0.001	0.997	0.001
0.001	0.997	0.001	0.001
0.997	0.001	0.001	0.001
0.001	0.001	0.295	0.703
0.295	0.703	0.001	0.001
0.001	0.661	0.031	0.307
0.001	0.001	0.997	0.001
0.703	0.001	0.295	0.001
>CCTCCTCCCTCC	22-CCTCCTCCCTCC	11.872517	-26.617922	0	T:84.0(2.53%),B:484.1(1.07%),P:1e-11	Tpos:100.7,Tstd:55.0,Bpos:97.8,Bstd:53.5,StrandBias:0.3,Multiplicity:1.04
0.222	0.430	0.230	0.119
0.001	0.971	0.001	0.027
0.227	0.199	0.024	0.550
0.002	0.996	0.001	0.001
0.001	0.892	0.106	0.001
0.014	0.031	0.164	0.791
0.001	0.980	0.001	0.018
0.001	0.965	0.001	0.033
0.001	0.629	0.001	0.369
0.001	0.001	0.160	0.838
0.001	0.912	0.086	0.001
0.001	0.957	0.041	0.001
>GCACCGATACGG	23-GCACCGATACGG	13.254937	-19.295136	0	T:7.0(0.21%),B:3.5(0.01%),P:1e-8	Tpos:122.8,Tstd:48.1,Bpos:120.0,Bstd:0.0,StrandBias:0.0,Multiplicity:1.00
0.001	0.001	0.579	0.419
0.001	0.997	0.001	0.001
0.997	0.001	0.001	0.001
0.013	0.985	0.001	0.001
0.001	0.969	0.029	0.001
0.419	0.001	0.579	0.001
0.997	0.001	0.001	0.001
0.001	0.114	0.001	0.884
0.970	0.016	0.001	0.013
0.001	0.579	0.419	0.001
0.001	0.013	0.985	0.001
0.419	0.001	0.579	0.001
>CAGCACKCACAC	24-CAGCACKCACAC	11.108924	-16.712352	0	T:12.0(0.36%),B:20.2(0.04%),P:1e-7	Tpos:97.5,Tstd:54.7,Bpos:84.2,Bstd:56.8,StrandBias:1.1,Multiplicity:1.73
0.104	0.805	0.052	0.039
0.761	0.052	0.093	0.094
0.039	0.026	0.726	0.209
0.106	0.767	0.052	0.075
0.821	0.039	0.049	0.091
0.052	0.817	0.066	0.065
0.052	0.219	0.297	0.431
0.039	0.883	0.026	0.052
0.739	0.091	0.079	0.091
0.078	0.699	0.091	0.132
0.610	0.091	0.198	0.101
0.105	0.768	0.062	0.065
>CACCGACACGGG	25-CACCGACACGGG	14.348687	-4.622190	0	T:2.0(0.06%),B:2.7(0.01%),P:1e-2	Tpos:100.6,Tstd:45.2,Bpos:100.1,Bstd:29.2,StrandBias:10.0,Multiplicity:4.00
0.001	0.997	0.001	0.001
0.997	0.001	0.001	0.001
0.001	0.997	0.001	0.001
0.001	0.997	0.001	0.001
0.001	0.001	0.997	0.001
0.997	0.001	0.001	0.001
0.001	0.997	0.001	0.001
0.893	0.001	0.105	0.001
0.001	0.997	0.001	0.001
0.001	0.001	0.997	0.001
0.001	0.001	0.997	0.001
0.001	0.001	0.997	0.001
